0.000000000000000000e+00,2.000000000000000000e+00,3.800000000000000000e+01,1.000000000000000000e+01,2.000000000000000000e+00,2.400000000000000000e+01,1.991000000000000000e+03,4.000000000000000000e+02,4.400000000000000000e+01,7.500000000000000000e+01,2.000000000000000000e+00,4.000000000000000000e+00,0.000000000000000000e+00,6.503000000000000000e+03,1.000000000000000000e+00,4.000000000000000000e+00,1.160000000000000000e+02,0.000000000000000000e+00,1.100000000000000000e+01,6.000000000000000000e+00,1.580000000000000000e+02,7.000000000000000000e+00,3.320000000000000000e+02,1.180000000000000000e+02,0.000000000000000000e+00,7.000000000000000000e+00,3.300000000000000000e+01,2.830000000000000000e+02,7.500000000000000000e+03,2.739000000000000000e+03,0.000000000000000000e+00,8.000000000000000000e+00,3.520000000000000000e+02,3.520000000000000000e+02,4.000000000000000000e+00,2.270000000000000000e+02,2.100000000000000000e+01,2.660000000000000000e+02,1.700000000000000000e+01,2.700000000000000000e+01,3.000000000000000000e+01,0.000000000000000000e+00,8.000000000000000000e+00,1.000000000000000000e+00,4.000000000000000000e+00,1.000000000000000000e+00,2.000000000000000000e+00,0.000000000000000000e+00,0.000000000000000000e+00,1.000000000000000000e+00,0.000000000000000000e+00,2.000000000000000000e+00,1.000000000000000000e+00,0.000000000000000000e+00,2.000000000000000000e+00,6.000000000000000000e+00,3.000000000000000000e+00,1.400000000000000000e+01,2.000000000000000000e+00,0.000000000000000000e+00,1.000000000000000000e+00,0.000000000000000000e+00,1.000000000000000000e+00,0.000000000000000000e+00,2.000000000000000000e+00,0.000000000000000000e+00,0.000000000000000000e+00,0.000000000000000000e+00,1.000000000000000000e+00,2.000000000000000000e+00,1.000000000000000000e+00,5.000000000000000000e+00,2.300000000000000000e+01,0.000000000000000000e+00,0.000000000000000000e+00,2.000000000000000000e+00,3.400000000000000000e+01,5.000000000000000000e+00,2.000000000000000000e+00,0.000000000000000000e+00,0.000000000000000000e+00,1.000000000000000000e+00,4.000000000000000000e+00,1.000000000000000000e+00
2.000000000000000000e+00,0.000000000000000000e+00,3.550000000000000000e+02,0.000000000000000000e+00,0.000000000000000000e+00,1.000000000000000000e+00,4.000000000000000000e+00,1.000000000000000000e+00,3.300000000000000000e+02,2.000000000000000000e+00,3.200000000000000000e+01,0.000000000000000000e+00,5.200000000000000000e+01,4.000000000000000000e+00,0.000000000000000000e+00,7.900000000000000000e+01,3.630000000000000000e+02,1.600000000000000000e+01,1.070000000000000000e+02,1.000000000000000000e+00,1.500000000000000000e+01,2.994000000000000000e+03,1.330000000000000000e+02,2.230000000000000000e+02,2.120000000000000000e+03,1.158000000000000000e+03,5.088000000000000000e+03,4.700000000000000000e+01,6.000000000000000000e+00,1.600000000000000000e+01,1.700000000000000000e+01,0.000000000000000000e+00,0.000000000000000000e+00,1.150000000000000000e+02,3.000000000000000000e+00,3.180000000000000000e+02,1.780000000000000000e+02,2.150000000000000000e+02,2.800000000000000000e+01,6.000000000000000000e+00,3.000000000000000000e+00,2.000000000000000000e+00,7.700000000000000000e+01,3.500000000000000000e+01,4.200000000000000000e+01,1.200000000000000000e+01,4.000000000000000000e+00,1.000000000000000000e+00,2.000000000000000000e+00,0.000000000000000000e+00,1.850000000000000000e+02,2.310000000000000000e+02,0.000000000000000000e+00,0.000000000000000000e+00,0.000000000000000000e+00,6.000000000000000000e+00,0.000000000000000000e+00,4.000000000000000000e+00,0.000000000000000000e+00,2.000000000000000000e+00,0.000000000000000000e+00,6.000000000000000000e+00,1.000000000000000000e+00,0.000000000000000000e+00,1.600000000000000000e+01,7.600000000000000000e+01,1.000000000000000000e+00,2.600000000000000000e+01,0.000000000000000000e+00,3.000000000000000000e+00,1.700000000000000000e+01,6.200000000000000000e+01,1.100000000000000000e+01,5.000000000000000000e+00,1.760000000000000000e+02,6.950000000000000000e+02,3.000000000000000000e+00,0.000000000000000000e+00,9.000000000000000000e+00,0.000000000000000000e+00,0.000000000000000000e+00,0.000000000000000000e+00,2.200000000000000000e+01,6.000000000000000000e+00
3.800000000000000000e+01,3.550000000000000000e+02,0.000000000000000000e+00,1.000000000000000000e+00,0.000000000000000000e+00,4.000000000000000000e+00,2.820000000000000000e+02,4.300000000000000000e+01,4.800000000000000000e+01,1.200000000000000000e+01,3.000000000000000000e+01,2.000000000000000000e+00,9.000000000000000000e+00,9.500000000000000000e+01,1.000000000000000000e+00,1.010000000000000000e+02,3.693000000000000000e+03,9.000000000000000000e+00,2.100000000000000000e+02,1.000000000000000000e+00,3.020000000000000000e+02,2.530000000000000000e+02,4.588000000000000000e+03,1.820000000000000000e+02,1.300000000000000000e+01,6.756000000000000000e+03,5.354000000000000000e+03,4.570000000000000000e+02,3.800000000000000000e+01,2.180000000000000000e+02,4.000000000000000000e+00,0.000000000000000000e+00,1.000000000000000000e+01,3.170000000000000000e+02,1.000000000000000000e+01,1.618000000000000000e+03,8.390000000000000000e+02,7.910000000000000000e+02,1.150000000000000000e+02,1.900000000000000000e+01,6.000000000000000000e+00,2.000000000000000000e+00,2.060000000000000000e+02,5.800000000000000000e+01,1.100000000000000000e+02,2.500000000000000000e+01,7.000000000000000000e+00,1.000000000000000000e+00,0.000000000000000000e+00,4.000000000000000000e+00,1.860000000000000000e+02,3.470000000000000000e+02,1.000000000000000000e+00,0.000000000000000000e+00,0.000000000000000000e+00,2.400000000000000000e+01,0.000000000000000000e+00,7.000000000000000000e+00,3.000000000000000000e+00,2.000000000000000000e+00,2.000000000000000000e+00,4.000000000000000000e+00,1.000000000000000000e+01,0.000000000000000000e+00,9.500000000000000000e+01,9.900000000000000000e+01,0.000000000000000000e+00,1.400000000000000000e+01,1.000000000000000000e+00,3.000000000000000000e+01,1.060000000000000000e+02,2.860000000000000000e+02,4.200000000000000000e+01,5.000000000000000000e+00,2.340000000000000000e+02,9.350000000000000000e+02,3.900000000000000000e+01,3.000000000000000000e+00,2.300000000000000000e+01,1.000000000000000000e+00,0.000000000000000000e+00,3.000000000000000000e+00,4.300000000000000000e+01,2.200000000000000000e+01
1.000000000000000000e+01,0.000000000000000000e+00,1.000000000000000000e+00,0.000000000000000000e+00,0.000000000000000000e+00,2.350000000000000000e+02,2.590000000000000000e+02,4.300000000000000000e+01,2.350000000000000000e+02,4.678000000000000000e+03,0.000000000000000000e+00,1.001000000000000000e+03,0.000000000000000000e+00,3.100000000000000000e+01,2.000000000000000000e+01,0.000000000000000000e+00,0.000000000000000000e+00,0.000000000000000000e+00,0.000000000000000000e+00,1.877000000000000000e+04,5.000000000000000000e+00,1.000000000000000000e+00,9.000000000000000000e+00,1.471000000000000000e+03,0.000000000000000000e+00,1.000000000000000000e+00,1.000000000000000000e+00,6.059000000000000000e+03,3.700000000000000000e+01,1.000000000000000000e+00,0.000000000000000000e+00,3.000000000000000000e+00,0.000000000000000000e+00,1.900000000000000000e+01,0.000000000000000000e+00,1.120000000000000000e+02,1.000000000000000000e+01,6.800000000000000000e+01,9.000000000000000000e+00,9.600000000000000000e+01,1.800000000000000000e+01,0.000000000000000000e+00,7.000000000000000000e+00,2.000000000000000000e+00,5.000000000000000000e+00,1.000000000000000000e+00,1.800000000000000000e+01,0.000000000000000000e+00,0.000000000000000000e+00,3.000000000000000000e+00,0.000000000000000000e+00,0.000000000000000000e+00,2.200000000000000000e+01,0.000000000000000000e+00,9.000000000000000000e+00,1.900000000000000000e+01,3.000000000000000000e+00,6.800000000000000000e+01,3.000000000000000000e+01,0.000000000000000000e+00,3.100000000000000000e+01,0.000000000000000000e+00,4.000000000000000000e+00,5.000000000000000000e+00,1.000000000000000000e+00,0.000000000000000000e+00,0.000000000000000000e+00,0.000000000000000000e+00,1.800000000000000000e+01,0.000000000000000000e+00,0.000000000000000000e+00,2.000000000000000000e+00,1.110000000000000000e+02,0.000000000000000000e+00,0.000000000000000000e+00,1.000000000000000000e+00,6.100000000000000000e+01,8.000000000000000000e+00,1.000000000000000000e+00,0.000000000000000000e+00,0.000000000000000000e+00,1.000000000000000000e+00,5.000000000000000000e+00,1.000000000000000000e+00
2.000000000000000000e+00,0.000000000000000000e+00,0.000000000000000000e+00,0.000000000000000000e+00,0.000000000000000000e+00,3.046000000000000000e+03,4.000000000000000000e+00,1.049000000000000000e+03,0.000000000000000000e+00,4.000000000000000000e+00,1.000000000000000000e+00,7.000000000000000000e+00,2.000000000000000000e+00,1.140000000000000000e+02,4.680000000000000000e+02,1.000000000000000000e+00,0.000000000000000000e+00,0.000000000000000000e+00,0.000000000000000000e+00,1.000000000000000000e+00,0.000000000000000000e+00,0.000000000000000000e+00,0.000000000000000000e+00,1.000000000000000000e+00,0.000000000000000000e+00,0.000000000000000000e+00,0.000000000000000000e+00,3.000000000000000000e+00,2.010000000000000000e+02,1.000000000000000000e+00,0.000000000000000000e+00,3.299000000000000000e+03,0.000000000000000000e+00,7.300000000000000000e+01,0.000000000000000000e+00,9.000000000000000000e+00,0.000000000000000000e+00,1.000000000000000000e+01,6.000000000000000000e+00,1.490000000000000000e+03,6.290000000000000000e+02,0.000000000000000000e+00,0.000000000000000000e+00,0.000000000000000000e+00,0.000000000000000000e+00,0.000000000000000000e+00,0.000000000000000000e+00,0.000000000000000000e+00,0.000000000000000000e+00,0.000000000000000000e+00,0.000000000000000000e+00,0.000000000000000000e+00,0.000000000000000000e+00,0.000000000000000000e+00,0.000000000000000000e+00,0.000000000000000000e+00,0.000000000000000000e+00,0.000000000000000000e+00,0.000000000000000000e+00,0.000000000000000000e+00,0.000000000000000000e+00,0.000000000000000000e+00,0.000000000000000000e+00,0.000000000000000000e+00,0.000000000000000000e+00,0.000000000000000000e+00,0.000000000000000000e+00,0.000000000000000000e+00,0.000000000000000000e+00,0.000000000000000000e+00,0.000000000000000000e+00,0.000000000000000000e+00,1.000000000000000000e+00,0.000000000000000000e+00,0.000000000000000000e+00,0.000000000000000000e+00,0.000000000000000000e+00,0.000000000000000000e+00,0.000000000000000000e+00,0.000000000000000000e+00,0.000000000000000000e+00,0.000000000000000000e+00,0.000000000000000000e+00,0.000000000000000000e+00
2.400000000000000000e+01,1.000000000000000000e+00,4.000000000000000000e+00,2.350000000000000000e+02,3.046000000000000000e+03,0.000000000000000000e+00,1.143000000000000000e+03,1.548500000000000000e+04,1.340000000000000000e+02,1.288100000000000000e+04,8.000000000000000000e+00,4.431000000000000000e+03,2.000000000000000000e+00,9.380000000000000000e+02,1.207000000000000000e+03,1.000000000000000000e+00,4.000000000000000000e+00,1.000000000000000000e+00,2.000000000000000000e+00,8.940000000000000000e+02,1.700000000000000000e+01,1.000000000000000000e+00,2.800000000000000000e+01,1.820000000000000000e+02,0.000000000000000000e+00,4.000000000000000000e+00,1.000000000000000000e+01,7.870000000000000000e+02,6.870000000000000000e+02,3.300000000000000000e+01,0.000000000000000000e+00,2.134000000000000000e+03,2.000000000000000000e+00,1.000000000000000000e+02,1.400000000000000000e+01,1.580000000000000000e+02,1.100000000000000000e+01,2.110000000000000000e+02,3.900000000000000000e+01,4.522000000000000000e+03,7.130000000000000000e+02,0.000000000000000000e+00,6.000000000000000000e+00,2.000000000000000000e+00,3.000000000000000000e+00,1.000000000000000000e+00,1.000000000000000000e+01,0.000000000000000000e+00,0.000000000000000000e+00,1.000000000000000000e+00,0.000000000000000000e+00,0.000000000000000000e+00,1.600000000000000000e+01,0.000000000000000000e+00,6.000000000000000000e+00,2.400000000000000000e+01,6.000000000000000000e+00,3.000000000000000000e+01,1.200000000000000000e+01,0.000000000000000000e+00,2.700000000000000000e+01,0.000000000000000000e+00,8.000000000000000000e+00,1.000000000000000000e+00,1.000000000000000000e+00,0.000000000000000000e+00,0.000000000000000000e+00,0.000000000000000000e+00,1.100000000000000000e+01,2.000000000000000000e+00,1.000000000000000000e+00,1.000000000000000000e+00,7.300000000000000000e+01,1.000000000000000000e+00,0.000000000000000000e+00,1.000000000000000000e+00,5.900000000000000000e+01,7.000000000000000000e+00,1.000000000000000000e+00,0.000000000000000000e+00,0.000000000000000000e+00,1.000000000000000000e+00,3.000000000000000000e+00,2.000000000000000000e+00
1.991000000000000000e+03,4.000000000000000000e+00,2.820000000000000000e+02,2.590000000000000000e+02,4.000000000000000000e+00,1.143000000000000000e+03,0.000000000000000000e+00,2.773000000000000000e+03,7.420000000000000000e+02,9.432000000000000000e+03,1.000000000000000000e+01,2.250000000000000000e+02,3.000000000000000000e+00,4.826000000000000000e+03,4.800000000000000000e+01,5.400000000000000000e+01,1.410000000000000000e+02,3.000000000000000000e+00,4.000000000000000000e+00,2.940000000000000000e+02,7.030000000000000000e+02,8.600000000000000000e+01,1.356000000000000000e+03,2.159000000000000000e+03,2.000000000000000000e+00,2.600000000000000000e+01,1.490000000000000000e+02,1.336600000000000000e+04,8.700000000000000000e+02,8.488000000000000000e+03,1.000000000000000000e+00,2.900000000000000000e+01,9.400000000000000000e+01,4.760000000000000000e+02,2.400000000000000000e+01,2.196000000000000000e+03,2.250000000000000000e+02,7.110000000000000000e+02,1.200000000000000000e+02,4.690000000000000000e+02,1.080000000000000000e+02,3.000000000000000000e+00,1.000000000000000000e+02,1.800000000000000000e+01,5.000000000000000000e+01,7.000000000000000000e+00,5.400000000000000000e+01,3.000000000000000000e+00,0.000000000000000000e+00,2.500000000000000000e+01,5.000000000000000000e+00,8.000000000000000000e+00,6.000000000000000000e+01,0.000000000000000000e+00,1.700000000000000000e+01,1.680000000000000000e+02,3.200000000000000000e+01,2.840000000000000000e+02,1.180000000000000000e+02,0.000000000000000000e+00,5.800000000000000000e+01,0.000000000000000000e+00,4.400000000000000000e+01,1.100000000000000000e+01,3.300000000000000000e+01,4.000000000000000000e+00,0.000000000000000000e+00,1.000000000000000000e+00,5.300000000000000000e+01,2.400000000000000000e+01,3.900000000000000000e+01,3.800000000000000000e+01,5.430000000000000000e+02,1.000000000000000000e+00,6.000000000000000000e+00,3.700000000000000000e+01,4.120000000000000000e+02,4.700000000000000000e+01,2.100000000000000000e+01,0.000000000000000000e+00,1.000000000000000000e+00,6.000000000000000000e+00,3.200000000000000000e+01,1.400000000000000000e+01
4.000000000000000000e+02,1.000000000000000000e+00,4.300000000000000000e+01,4.300000000000000000e+01,1.049000000000000000e+03,1.548500000000000000e+04,2.773000000000000000e+03,0.000000000000000000e+00,1.480000000000000000e+02,4.166000000000000000e+03,2.300000000000000000e+01,4.310000000000000000e+02,1.100000000000000000e+01,2.385900000000000000e+04,2.330000000000000000e+02,9.000000000000000000e+00,7.400000000000000000e+01,4.000000000000000000e+00,3.000000000000000000e+00,1.120000000000000000e+02,1.430000000000000000e+02,1.300000000000000000e+01,2.570000000000000000e+02,3.710000000000000000e+02,1.000000000000000000e+00,1.700000000000000000e+01,2.400000000000000000e+01,8.540000000000000000e+02,3.232000000000000000e+03,4.140000000000000000e+02,0.000000000000000000e+00,2.191000000000000000e+03,2.000000000000000000e+01,4.210000000000000000e+02,6.000000000000000000e+00,3.680000000000000000e+02,3.400000000000000000e+01,5.470000000000000000e+02,6.500000000000000000e+01,1.216000000000000000e+03,8.800000000000000000e+02,3.000000000000000000e+00,2.100000000000000000e+01,4.000000000000000000e+00,1.100000000000000000e+01,0.000000000000000000e+00,8.000000000000000000e+00,1.000000000000000000e+00,0.000000000000000000e+00,7.000000000000000000e+00,2.000000000000000000e+00,3.000000000000000000e+00,1.000000000000000000e+01,0.000000000000000000e+00,5.000000000000000000e+00,3.700000000000000000e+01,7.000000000000000000e+00,4.300000000000000000e+01,2.800000000000000000e+01,0.000000000000000000e+00,1.500000000000000000e+01,0.000000000000000000e+00,1.500000000000000000e+01,1.000000000000000000e+00,8.000000000000000000e+00,0.000000000000000000e+00,0.000000000000000000e+00,0.000000000000000000e+00,9.000000000000000000e+00,2.000000000000000000e+00,4.000000000000000000e+00,4.000000000000000000e+00,1.310000000000000000e+02,0.000000000000000000e+00,1.000000000000000000e+00,1.000000000000000000e+01,1.180000000000000000e+02,1.900000000000000000e+01,1.200000000000000000e+01,0.000000000000000000e+00,0.000000000000000000e+00,1.000000000000000000e+00,9.000000000000000000e+00,3.000000000000000000e+00
4.400000000000000000e+01,3.300000000000000000e+02,4.800000000000000000e+01,2.350000000000000000e+02,0.000000000000000000e+00,1.340000000000000000e+02,7.420000000000000000e+02,1.480000000000000000e+02,0.000000000000000000e+00,3.110000000000000000e+02,2.000000000000000000e+00,3.950000000000000000e+02,7.000000000000000000e+00,1.010000000000000000e+02,4.890000000000000000e+02,3.600000000000000000e+01,3.400000000000000000e+01,0.000000000000000000e+00,1.100000000000000000e+01,2.370000000000000000e+02,3.800000000000000000e+01,2.324000000000000000e+03,8.500000000000000000e+01,1.037900000000000000e+04,7.400000000000000000e+01,9.000000000000000000e+01,3.880000000000000000e+02,1.162000000000000000e+03,1.360000000000000000e+02,9.400000000000000000e+01,0.000000000000000000e+00,3.000000000000000000e+00,2.200000000000000000e+01,7.600000000000000000e+01,5.000000000000000000e+00,3.035000000000000000e+03,1.610000000000000000e+02,1.240000000000000000e+02,1.800000000000000000e+01,3.376000000000000000e+03,2.700000000000000000e+01,2.000000000000000000e+00,2.150000000000000000e+02,3.000000000000000000e+01,6.500000000000000000e+01,1.200000000000000000e+01,6.300000000000000000e+01,8.000000000000000000e+00,4.000000000000000000e+00,4.600000000000000000e+01,3.000000000000000000e+00,3.000000000000000000e+00,1.010000000000000000e+02,0.000000000000000000e+00,2.700000000000000000e+01,2.200000000000000000e+02,5.000000000000000000e+01,4.330000000000000000e+02,1.790000000000000000e+02,0.000000000000000000e+00,1.190000000000000000e+02,1.000000000000000000e+00,9.900000000000000000e+01,1.500000000000000000e+01,3.900000000000000000e+01,2.000000000000000000e+00,1.000000000000000000e+00,0.000000000000000000e+00,6.400000000000000000e+01,1.900000000000000000e+01,2.900000000000000000e+01,1.900000000000000000e+01,9.300000000000000000e+02,3.000000000000000000e+00,5.000000000000000000e+00,3.100000000000000000e+01,6.450000000000000000e+02,8.700000000000000000e+01,6.400000000000000000e+01,0.000000000000000000e+00,2.000000000000000000e+00,1.300000000000000000e+01,4.100000000000000000e+01,6.000000000000000000e+00
7.500000000000000000e+01,2.000000000000000000e+00,1.200000000000000000e+01,4.678000000000000000e+03,4.000000000000000000e+00,1.288100000000000000e+04,9.432000000000000000e+03,4.166000000000000000e+03,3.110000000000000000e+02,0.000000000000000000e+00,5.000000000000000000e+00,5.979000000000000000e+03,3.000000000000000000e+00,9.890000000000000000e+02,1.380000000000000000e+02,1.000000000000000000e+00,7.000000000000000000e+00,0.000000000000000000e+00,1.000000000000000000e+00,1.414800000000000000e+04,2.100000000000000000e+01,2.000000000000000000e+00,2.900000000000000000e+01,6.390000000000000000e+02,2.000000000000000000e+00,1.000000000000000000e+00,1.200000000000000000e+01,5.836000000000000000e+03,3.450000000000000000e+02,3.500000000000000000e+01,0.000000000000000000e+00,1.400000000000000000e+01,1.400000000000000000e+01,1.520000000000000000e+02,1.100000000000000000e+01,6.090000000000000000e+02,5.300000000000000000e+01,3.850000000000000000e+02,3.500000000000000000e+01,5.580000000000000000e+02,1.110000000000000000e+02,1.000000000000000000e+00,1.800000000000000000e+01,5.000000000000000000e+00,1.100000000000000000e+01,1.000000000000000000e+00,4.400000000000000000e+01,1.000000000000000000e+00,0.000000000000000000e+00,1.000000000000000000e+00,0.000000000000000000e+00,0.000000000000000000e+00,4.300000000000000000e+01,0.000000000000000000e+00,1.400000000000000000e+01,5.700000000000000000e+01,1.200000000000000000e+01,1.360000000000000000e+02,6.400000000000000000e+01,1.000000000000000000e+00,5.800000000000000000e+01,0.000000000000000000e+00,1.700000000000000000e+01,3.000000000000000000e+00,5.000000000000000000e+00,0.000000000000000000e+00,0.000000000000000000e+00,0.000000000000000000e+00,3.700000000000000000e+01,2.000000000000000000e+00,1.000000000000000000e+00,1.000000000000000000e+00,2.450000000000000000e+02,0.000000000000000000e+00,2.000000000000000000e+00,4.000000000000000000e+00,1.430000000000000000e+02,1.400000000000000000e+01,6.000000000000000000e+00,0.000000000000000000e+00,0.000000000000000000e+00,1.000000000000000000e+00,1.300000000000000000e+01,5.000000000000000000e+00
2.000000000000000000e+00,3.200000000000000000e+01,3.000000000000000000e+01,0.000000000000000000e+00,1.000000000000000000e+00,8.000000000000000000e+00,1.000000000000000000e+01,2.300000000000000000e+01,2.000000000000000000e+00,5.000000000000000000e+00,0.000000000000000000e+00,2.000000000000000000e+00,7.069000000000000000e+03,4.000000000000000000e+01,0.000000000000000000e+00,0.000000000000000000e+00,4.010000000000000000e+02,4.659000000000000000e+03,4.649000000000000000e+03,1.000000000000000000e+00,1.300000000000000000e+01,8.000000000000000000e+00,4.200000000000000000e+01,6.000000000000000000e+00,1.111000000000000000e+03,9.425000000000000000e+03,4.770000000000000000e+02,5.000000000000000000e+00,8.300000000000000000e+01,1.000000000000000000e+01,4.650000000000000000e+02,2.000000000000000000e+01,0.000000000000000000e+00,2.679000000000000000e+03,2.000000000000000000e+00,1.480000000000000000e+02,1.128000000000000000e+03,3.519000000000000000e+03,1.560000000000000000e+02,1.300000000000000000e+01,3.300000000000000000e+01,7.540000000000000000e+02,2.000000000000000000e+01,8.500000000000000000e+01,4.400000000000000000e+01,2.000000000000000000e+00,1.000000000000000000e+00,0.000000000000000000e+00,4.700000000000000000e+01,0.000000000000000000e+00,1.000000000000000000e+01,1.200000000000000000e+01,0.000000000000000000e+00,0.000000000000000000e+00,0.000000000000000000e+00,0.000000000000000000e+00,1.000000000000000000e+00,1.000000000000000000e+00,2.000000000000000000e+00,1.650000000000000000e+02,0.000000000000000000e+00,3.360000000000000000e+02,0.000000000000000000e+00,0.000000000000000000e+00,0.000000000000000000e+00,2.000000000000000000e+00,5.000000000000000000e+00,5.000000000000000000e+00,0.000000000000000000e+00,2.000000000000000000e+00,2.000000000000000000e+00,5.000000000000000000e+00,1.000000000000000000e+00,1.450000000000000000e+02,2.090000000000000000e+02,1.070000000000000000e+02,0.000000000000000000e+00,0.000000000000000000e+00,0.000000000000000000e+00,7.700000000000000000e+01,0.000000000000000000e+00,0.000000000000000000e+00,1.100000000000000000e+01,0.000000000000000000e+00
4.000000000000000000e+00,0.000000000000000000e+00,2.000000000000000000e+00,1.001000000000000000e+03,7.000000000000000000e+00,4.431000000000000000e+03,2.250000000000000000e+02,4.310000000000000000e+02,3.950000000000000000e+02,5.979000000000000000e+03,2.000000000000000000e+00,0.000000000000000000e+00,5.000000000000000000e+00,1.150000000000000000e+02,1.797000000000000000e+03,0.000000000000000000e+00,1.000000000000000000e+00,0.000000000000000000e+00,0.000000000000000000e+00,1.153700000000000000e+04,2.000000000000000000e+00,2.000000000000000000e+00,6.000000000000000000e+00,7.400000000000000000e+02,0.000000000000000000e+00,1.000000000000000000e+00,4.000000000000000000e+00,5.050000000000000000e+02,1.170000000000000000e+02,4.000000000000000000e+00,0.000000000000000000e+00,1.000000000000000000e+01,4.000000000000000000e+00,4.100000000000000000e+01,1.000000000000000000e+00,1.710000000000000000e+02,8.000000000000000000e+00,1.380000000000000000e+02,1.800000000000000000e+01,2.928000000000000000e+03,6.000000000000000000e+01,0.000000000000000000e+00,8.000000000000000000e+00,2.000000000000000000e+00,3.000000000000000000e+00,0.000000000000000000e+00,4.000000000000000000e+01,0.000000000000000000e+00,0.000000000000000000e+00,2.000000000000000000e+00,0.000000000000000000e+00,0.000000000000000000e+00,1.710000000000000000e+02,0.000000000000000000e+00,6.000000000000000000e+00,3.900000000000000000e+01,7.000000000000000000e+00,6.600000000000000000e+01,3.800000000000000000e+01,0.000000000000000000e+00,2.250000000000000000e+02,0.000000000000000000e+00,1.600000000000000000e+01,5.000000000000000000e+00,0.000000000000000000e+00,0.000000000000000000e+00,0.000000000000000000e+00,1.000000000000000000e+00,5.500000000000000000e+01,0.000000000000000000e+00,1.000000000000000000e+00,0.000000000000000000e+00,1.270000000000000000e+02,0.000000000000000000e+00,0.000000000000000000e+00,0.000000000000000000e+00,1.010000000000000000e+02,5.000000000000000000e+00,4.000000000000000000e+00,0.000000000000000000e+00,0.000000000000000000e+00,0.000000000000000000e+00,3.000000000000000000e+00,0.000000000000000000e+00
0.000000000000000000e+00,5.200000000000000000e+01,9.000000000000000000e+00,0.000000000000000000e+00,2.000000000000000000e+00,2.000000000000000000e+00,3.000000000000000000e+00,1.100000000000000000e+01,7.000000000000000000e+00,3.000000000000000000e+00,7.069000000000000000e+03,5.000000000000000000e+00,0.000000000000000000e+00,1.600000000000000000e+01,0.000000000000000000e+00,1.000000000000000000e+00,1.100000000000000000e+01,3.500000000000000000e+01,1.500000000000000000e+01,0.000000000000000000e+00,3.000000000000000000e+00,1.800000000000000000e+01,1.100000000000000000e+01,3.000000000000000000e+00,4.658000000000000000e+03,1.337000000000000000e+03,3.965000000000000000e+03,4.000000000000000000e+00,1.900000000000000000e+01,1.000000000000000000e+00,4.183000000000000000e+03,8.000000000000000000e+00,1.000000000000000000e+00,2.470000000000000000e+02,2.200000000000000000e+01,6.560000000000000000e+02,8.830000000000000000e+02,1.776000000000000000e+03,7.580000000000000000e+02,2.600000000000000000e+01,1.610000000000000000e+02,1.208000000000000000e+03,9.800000000000000000e+01,1.580000000000000000e+02,6.900000000000000000e+01,5.000000000000000000e+00,0.000000000000000000e+00,0.000000000000000000e+00,8.500000000000000000e+01,0.000000000000000000e+00,1.700000000000000000e+01,9.000000000000000000e+00,0.000000000000000000e+00,0.000000000000000000e+00,1.000000000000000000e+00,1.000000000000000000e+00,0.000000000000000000e+00,0.000000000000000000e+00,0.000000000000000000e+00,1.870000000000000000e+02,0.000000000000000000e+00,4.010000000000000000e+02,0.000000000000000000e+00,0.000000000000000000e+00,2.000000000000000000e+00,1.000000000000000000e+00,3.000000000000000000e+00,4.000000000000000000e+00,1.000000000000000000e+00,0.000000000000000000e+00,1.000000000000000000e+00,5.000000000000000000e+00,0.000000000000000000e+00,3.130000000000000000e+02,3.590000000000000000e+02,1.470000000000000000e+02,5.000000000000000000e+00,1.000000000000000000e+00,2.000000000000000000e+00,1.140000000000000000e+02,0.000000000000000000e+00,0.000000000000000000e+00,2.100000000000000000e+01,1.500000000000000000e+01
6.503000000000000000e+03,4.000000000000000000e+00,9.500000000000000000e+01,3.100000000000000000e+01,1.140000000000000000e+02,9.380000000000000000e+02,4.826000000000000000e+03,2.385900000000000000e+04,1.010000000000000000e+02,9.890000000000000000e+02,4.000000000000000000e+01,1.150000000000000000e+02,1.600000000000000000e+01,0.000000000000000000e+00,3.000000000000000000e+01,1.000000000000000000e+01,1.160000000000000000e+02,4.000000000000000000e+00,1.300000000000000000e+01,5.400000000000000000e+01,2.690000000000000000e+02,2.000000000000000000e+01,6.030000000000000000e+02,2.760000000000000000e+02,4.000000000000000000e+00,2.200000000000000000e+01,5.900000000000000000e+01,6.020000000000000000e+02,9.424000000000000000e+03,1.204000000000000000e+03,1.000000000000000000e+00,1.573000000000000000e+03,5.900000000000000000e+01,6.960000000000000000e+02,2.000000000000000000e+00,4.710000000000000000e+02,4.900000000000000000e+01,9.520000000000000000e+02,7.200000000000000000e+01,3.460000000000000000e+02,3.410000000000000000e+02,5.000000000000000000e+00,2.100000000000000000e+01,5.000000000000000000e+00,8.000000000000000000e+00,1.000000000000000000e+00,7.000000000000000000e+00,1.000000000000000000e+00,0.000000000000000000e+00,1.000000000000000000e+00,1.000000000000000000e+00,0.000000000000000000e+00,7.000000000000000000e+00,0.000000000000000000e+00,3.000000000000000000e+00,2.400000000000000000e+01,9.000000000000000000e+00,3.700000000000000000e+01,9.000000000000000000e+00,1.000000000000000000e+00,6.000000000000000000e+00,1.000000000000000000e+00,8.000000000000000000e+00,1.000000000000000000e+00,6.000000000000000000e+00,0.000000000000000000e+00,0.000000000000000000e+00,0.000000000000000000e+00,4.000000000000000000e+00,5.000000000000000000e+00,7.000000000000000000e+00,7.000000000000000000e+00,6.600000000000000000e+01,0.000000000000000000e+00,1.000000000000000000e+00,5.000000000000000000e+00,7.200000000000000000e+01,1.200000000000000000e+01,1.000000000000000000e+01,0.000000000000000000e+00,0.000000000000000000e+00,1.000000000000000000e+00,7.000000000000000000e+00,1.000000000000000000e+00
1.000000000000000000e+00,0.000000000000000000e+00,1.000000000000000000e+00,2.000000000000000000e+01,4.680000000000000000e+02,1.207000000000000000e+03,4.800000000000000000e+01,2.330000000000000000e+02,4.890000000000000000e+02,1.380000000000000000e+02,0.000000000000000000e+00,1.797000000000000000e+03,0.000000000000000000e+00,3.000000000000000000e+01,0.000000000000000000e+00,0.000000000000000000e+00,1.000000000000000000e+00,0.000000000000000000e+00,0.000000000000000000e+00,4.900000000000000000e+01,1.000000000000000000e+00,6.000000000000000000e+00,5.000000000000000000e+00,1.170000000000000000e+02,0.000000000000000000e+00,1.000000000000000000e+00,4.000000000000000000e+00,3.300000000000000000e+01,2.600000000000000000e+01,2.000000000000000000e+00,0.000000000000000000e+00,7.000000000000000000e+01,2.000000000000000000e+00,5.000000000000000000e+00,2.000000000000000000e+00,1.600000000000000000e+01,1.000000000000000000e+00,1.300000000000000000e+01,2.000000000000000000e+00,1.096200000000000000e+04,3.100000000000000000e+01,0.000000000000000000e+00,3.000000000000000000e+00,0.000000000000000000e+00,0.000000000000000000e+00,0.000000000000000000e+00,7.000000000000000000e+00,1.000000000000000000e+00,0.000000000000000000e+00,0.000000000000000000e+00,0.000000000000000000e+00,0.000000000000000000e+00,5.000000000000000000e+00,0.000000000000000000e+00,5.000000000000000000e+00,9.000000000000000000e+00,1.000000000000000000e+00,6.000000000000000000e+00,1.200000000000000000e+01,0.000000000000000000e+00,1.200000000000000000e+01,0.000000000000000000e+00,1.000000000000000000e+00,2.000000000000000000e+00,0.000000000000000000e+00,0.000000000000000000e+00,0.000000000000000000e+00,0.000000000000000000e+00,6.000000000000000000e+00,0.000000000000000000e+00,0.000000000000000000e+00,1.000000000000000000e+00,2.200000000000000000e+01,0.000000000000000000e+00,0.000000000000000000e+00,0.000000000000000000e+00,2.200000000000000000e+01,0.000000000000000000e+00,0.000000000000000000e+00,0.000000000000000000e+00,0.000000000000000000e+00,0.000000000000000000e+00,2.000000000000000000e+00,3.000000000000000000e+00
4.000000000000000000e+00,7.900000000000000000e+01,1.010000000000000000e+02,0.000000000000000000e+00,1.000000000000000000e+00,1.000000000000000000e+00,5.400000000000000000e+01,9.000000000000000000e+00,3.600000000000000000e+01,1.000000000000000000e+00,0.000000000000000000e+00,0.000000000000000000e+00,1.000000000000000000e+00,1.000000000000000000e+01,0.000000000000000000e+00,0.000000000000000000e+00,7.900000000000000000e+01,1.000000000000000000e+00,1.300000000000000000e+01,1.000000000000000000e+00,4.768000000000000000e+03,3.362000000000000000e+03,7.013000000000000000e+03,2.509000000000000000e+03,4.000000000000000000e+00,4.200000000000000000e+01,5.332000000000000000e+03,2.337000000000000000e+03,2.100000000000000000e+01,7.900000000000000000e+01,0.000000000000000000e+00,0.000000000000000000e+00,8.000000000000000000e+00,1.920000000000000000e+02,2.100000000000000000e+01,1.115000000000000000e+03,2.330000000000000000e+02,3.830000000000000000e+02,5.700000000000000000e+01,3.500000000000000000e+01,7.000000000000000000e+00,1.000000000000000000e+00,1.270000000000000000e+02,3.400000000000000000e+01,4.400000000000000000e+01,2.600000000000000000e+01,1.500000000000000000e+01,1.000000000000000000e+00,0.000000000000000000e+00,4.000000000000000000e+00,4.000000000000000000e+00,3.100000000000000000e+01,0.000000000000000000e+00,0.000000000000000000e+00,0.000000000000000000e+00,1.600000000000000000e+01,0.000000000000000000e+00,1.700000000000000000e+01,2.000000000000000000e+00,0.000000000000000000e+00,2.000000000000000000e+00,2.000000000000000000e+00,1.000000000000000000e+00,1.000000000000000000e+00,3.530000000000000000e+02,1.200000000000000000e+01,1.000000000000000000e+00,1.000000000000000000e+00,1.000000000000000000e+00,8.500000000000000000e+01,2.700000000000000000e+02,4.100000000000000000e+02,8.100000000000000000e+01,0.000000000000000000e+00,1.100000000000000000e+01,2.180000000000000000e+02,6.700000000000000000e+01,6.000000000000000000e+00,2.600000000000000000e+01,0.000000000000000000e+00,0.000000000000000000e+00,1.000000000000000000e+00,1.800000000000000000e+01,1.500000000000000000e+01
1.160000000000000000e+02,3.630000000000000000e+02,3.693000000000000000e+03,0.000000000000000000e+00,0.000000000000000000e+00,4.000000000000000000e+00,1.410000000000000000e+02,7.400000000000000000e+01,3.400000000000000000e+01,7.000000000000000000e+00,4.010000000000000000e+02,1.000000000000000000e+00,1.100000000000000000e+01,1.160000000000000000e+02,1.000000000000000000e+00,7.900000000000000000e+01,0.000000000000000000e+00,2.300000000000000000e+02,4.537000000000000000e+03,2.000000000000000000e+00,6.570000000000000000e+02,1.870000000000000000e+02,6.844000000000000000e+03,1.090000000000000000e+02,2.600000000000000000e+01,4.919000000000000000e+03,3.081000000000000000e+03,2.370000000000000000e+02,1.900000000000000000e+02,5.590000000000000000e+02,6.000000000000000000e+00,2.000000000000000000e+00,3.300000000000000000e+01,2.249000000000000000e+03,1.300000000000000000e+01,1.489000000000000000e+03,9.150000000000000000e+02,2.293000000000000000e+03,2.210000000000000000e+02,3.200000000000000000e+01,6.000000000000000000e+00,4.000000000000000000e+00,1.370000000000000000e+02,3.600000000000000000e+01,5.900000000000000000e+01,1.400000000000000000e+01,1.200000000000000000e+01,2.000000000000000000e+00,1.000000000000000000e+00,0.000000000000000000e+00,8.800000000000000000e+01,1.960000000000000000e+02,0.000000000000000000e+00,0.000000000000000000e+00,0.000000000000000000e+00,7.000000000000000000e+00,2.000000000000000000e+00,4.000000000000000000e+00,0.000000000000000000e+00,1.000000000000000000e+00,3.000000000000000000e+00,3.000000000000000000e+00,0.000000000000000000e+00,0.000000000000000000e+00,3.800000000000000000e+01,5.500000000000000000e+01,1.000000000000000000e+00,1.400000000000000000e+01,0.000000000000000000e+00,1.200000000000000000e+01,3.400000000000000000e+01,1.430000000000000000e+02,2.100000000000000000e+01,0.000000000000000000e+00,1.710000000000000000e+02,4.930000000000000000e+02,1.700000000000000000e+01,5.000000000000000000e+00,1.000000000000000000e+01,0.000000000000000000e+00,0.000000000000000000e+00,1.000000000000000000e+00,1.200000000000000000e+01,1.300000000000000000e+01
0.000000000000000000e+00,1.600000000000000000e+01,9.000000000000000000e+00,0.000000000000000000e+00,0.000000000000000000e+00,1.000000000000000000e+00,3.000000000000000000e+00,4.000000000000000000e+00,0.000000000000000000e+00,0.000000000000000000e+00,4.659000000000000000e+03,0.000000000000000000e+00,3.500000000000000000e+01,4.000000000000000000e+00,0.000000000000000000e+00,1.000000000000000000e+00,2.300000000000000000e+02,0.000000000000000000e+00,4.150000000000000000e+03,0.000000000000000000e+00,5.000000000000000000e+00,4.000000000000000000e+00,2.100000000000000000e+01,1.000000000000000000e+00,6.500000000000000000e+01,5.338000000000000000e+03,1.790000000000000000e+02,0.000000000000000000e+00,5.000000000000000000e+00,7.000000000000000000e+00,2.900000000000000000e+01,1.000000000000000000e+00,0.000000000000000000e+00,3.340000000000000000e+02,0.000000000000000000e+00,7.100000000000000000e+01,2.730000000000000000e+02,4.230000000000000000e+02,4.000000000000000000e+01,3.000000000000000000e+00,1.000000000000000000e+00,1.500000000000000000e+01,8.000000000000000000e+00,4.000000000000000000e+00,5.000000000000000000e+00,2.000000000000000000e+00,0.000000000000000000e+00,0.000000000000000000e+00,0.000000000000000000e+00,0.000000000000000000e+00,4.000000000000000000e+00,2.000000000000000000e+00,0.000000000000000000e+00,0.000000000000000000e+00,0.000000000000000000e+00,0.000000000000000000e+00,0.000000000000000000e+00,0.000000000000000000e+00,0.000000000000000000e+00,3.000000000000000000e+00,0.000000000000000000e+00,6.000000000000000000e+00,0.000000000000000000e+00,0.000000000000000000e+00,1.000000000000000000e+00,1.000000000000000000e+00,1.000000000000000000e+00,1.000000000000000000e+00,0.000000000000000000e+00,0.000000000000000000e+00,0.000000000000000000e+00,2.000000000000000000e+00,0.000000000000000000e+00,9.000000000000000000e+00,6.000000000000000000e+01,4.200000000000000000e+01,0.000000000000000000e+00,0.000000000000000000e+00,1.000000000000000000e+00,3.000000000000000000e+00,0.000000000000000000e+00,0.000000000000000000e+00,0.000000000000000000e+00,0.000000000000000000e+00
1.100000000000000000e+01,1.070000000000000000e+02,2.100000000000000000e+02,0.000000000000000000e+00,0.000000000000000000e+00,2.000000000000000000e+00,4.000000000000000000e+00,3.000000000000000000e+00,1.100000000000000000e+01,1.000000000000000000e+00,4.649000000000000000e+03,0.000000000000000000e+00,1.500000000000000000e+01,1.300000000000000000e+01,0.000000000000000000e+00,1.300000000000000000e+01,4.537000000000000000e+03,4.150000000000000000e+03,0.000000000000000000e+00,0.000000000000000000e+00,5.700000000000000000e+01,4.200000000000000000e+01,2.370000000000000000e+02,1.600000000000000000e+01,3.000000000000000000e+01,4.078000000000000000e+03,7.980000000000000000e+02,1.600000000000000000e+01,3.000000000000000000e+01,4.900000000000000000e+01,1.600000000000000000e+01,2.000000000000000000e+00,4.000000000000000000e+00,1.146000000000000000e+03,2.000000000000000000e+00,4.020000000000000000e+02,4.130000000000000000e+02,1.132000000000000000e+03,1.240000000000000000e+02,3.000000000000000000e+00,3.000000000000000000e+00,6.000000000000000000e+00,6.300000000000000000e+01,9.000000000000000000e+00,1.200000000000000000e+01,5.000000000000000000e+00,4.000000000000000000e+00,0.000000000000000000e+00,0.000000000000000000e+00,1.000000000000000000e+00,1.900000000000000000e+01,3.900000000000000000e+01,1.000000000000000000e+00,0.000000000000000000e+00,0.000000000000000000e+00,1.000000000000000000e+00,0.000000000000000000e+00,0.000000000000000000e+00,0.000000000000000000e+00,2.000000000000000000e+00,0.000000000000000000e+00,2.000000000000000000e+00,0.000000000000000000e+00,0.000000000000000000e+00,5.000000000000000000e+00,1.800000000000000000e+01,0.000000000000000000e+00,1.300000000000000000e+01,0.000000000000000000e+00,3.000000000000000000e+00,7.000000000000000000e+00,1.500000000000000000e+01,3.000000000000000000e+00,6.000000000000000000e+00,1.080000000000000000e+02,1.460000000000000000e+02,2.000000000000000000e+00,0.000000000000000000e+00,2.000000000000000000e+00,2.000000000000000000e+00,0.000000000000000000e+00,0.000000000000000000e+00,7.000000000000000000e+00,4.000000000000000000e+00
