0.000000000000000000e+00,3.000000000000000000e+00,1.170000000000000000e+02,2.800000000000000000e+01,1.000000000000000000e+00,4.800000000000000000e+01,2.324000000000000000e+03,6.790000000000000000e+02,9.900000000000000000e+01,1.900000000000000000e+02,4.000000000000000000e+00,2.500000000000000000e+01,6.000000000000000000e+00,4.067000000000000000e+03,0.000000000000000000e+00,2.100000000000000000e+01,4.200000000000000000e+01,0.000000000000000000e+00,5.000000000000000000e+00,2.700000000000000000e+01,2.150000000000000000e+02,1.900000000000000000e+01,2.650000000000000000e+02,1.750000000000000000e+02,2.000000000000000000e+00,8.000000000000000000e+00,9.700000000000000000e+01,3.830000000000000000e+02,4.047000000000000000e+03,1.516000000000000000e+03,0.000000000000000000e+00,1.300000000000000000e+01,4.900000000000000000e+01,1.420000000000000000e+02,6.000000000000000000e+00,1.510000000000000000e+02,2.900000000000000000e+01,1.130000000000000000e+02,2.800000000000000000e+01,6.000000000000000000e+00,8.000000000000000000e+00,0.000000000000000000e+00,2.700000000000000000e+01,3.000000000000000000e+00,2.400000000000000000e+01,2.000000000000000000e+00,3.000000000000000000e+00,2.000000000000000000e+00,0.000000000000000000e+00,5.000000000000000000e+00,3.000000000000000000e+00,3.000000000000000000e+00,3.000000000000000000e+00,0.000000000000000000e+00,1.000000000000000000e+00,2.600000000000000000e+01,1.500000000000000000e+01,1.500000000000000000e+01,8.000000000000000000e+00,0.000000000000000000e+00,1.000000000000000000e+00,0.000000000000000000e+00,1.000000000000000000e+01,0.000000000000000000e+00,1.300000000000000000e+01,2.000000000000000000e+00,0.000000000000000000e+00,0.000000000000000000e+00,3.000000000000000000e+00,9.000000000000000000e+00,1.000000000000000000e+00,1.200000000000000000e+01,9.200000000000000000e+01,0.000000000000000000e+00,3.000000000000000000e+00,1.000000000000000000e+01,8.400000000000000000e+01,2.000000000000000000e+01,1.200000000000000000e+01,0.000000000000000000e+00,0.000000000000000000e+00,1.000000000000000000e+00,7.000000000000000000e+00,5.000000000000000000e+00
3.000000000000000000e+00,0.000000000000000000e+00,3.180000000000000000e+02,1.000000000000000000e+00,1.000000000000000000e+00,3.000000000000000000e+00,1.200000000000000000e+01,1.100000000000000000e+01,2.510000000000000000e+02,2.000000000000000000e+00,1.850000000000000000e+02,1.000000000000000000e+00,2.130000000000000000e+02,6.000000000000000000e+00,6.000000000000000000e+00,1.760000000000000000e+02,4.110000000000000000e+02,8.600000000000000000e+01,3.280000000000000000e+02,0.000000000000000000e+00,3.700000000000000000e+01,1.831000000000000000e+03,1.980000000000000000e+02,2.280000000000000000e+02,3.004000000000000000e+03,9.870000000000000000e+02,4.689000000000000000e+03,4.500000000000000000e+01,1.200000000000000000e+01,3.200000000000000000e+01,9.000000000000000000e+00,2.000000000000000000e+00,2.000000000000000000e+00,2.250000000000000000e+02,2.400000000000000000e+01,3.280000000000000000e+02,7.230000000000000000e+02,4.060000000000000000e+02,1.210000000000000000e+02,6.000000000000000000e+00,2.000000000000000000e+00,5.100000000000000000e+01,6.200000000000000000e+01,2.170000000000000000e+02,1.560000000000000000e+02,1.900000000000000000e+01,4.000000000000000000e+00,2.000000000000000000e+00,5.000000000000000000e+00,1.000000000000000000e+00,2.680000000000000000e+02,1.610000000000000000e+02,1.000000000000000000e+00,0.000000000000000000e+00,1.000000000000000000e+00,4.000000000000000000e+00,2.000000000000000000e+00,4.000000000000000000e+00,0.000000000000000000e+00,1.600000000000000000e+01,1.000000000000000000e+00,2.000000000000000000e+00,3.000000000000000000e+00,0.000000000000000000e+00,7.000000000000000000e+00,7.500000000000000000e+01,1.000000000000000000e+01,4.000000000000000000e+01,0.000000000000000000e+00,6.000000000000000000e+00,9.200000000000000000e+01,6.200000000000000000e+01,9.000000000000000000e+00,2.300000000000000000e+01,2.830000000000000000e+02,7.980000000000000000e+02,9.000000000000000000e+00,1.000000000000000000e+00,4.000000000000000000e+00,2.000000000000000000e+00,0.000000000000000000e+00,0.000000000000000000e+00,5.100000000000000000e+01,3.400000000000000000e+01
1.170000000000000000e+02,3.180000000000000000e+02,0.000000000000000000e+00,9.000000000000000000e+00,0.000000000000000000e+00,1.700000000000000000e+01,4.090000000000000000e+02,1.410000000000000000e+02,3.800000000000000000e+01,1.300000000000000000e+01,3.400000000000000000e+01,2.000000000000000000e+00,3.000000000000000000e+00,1.890000000000000000e+02,2.000000000000000000e+00,7.900000000000000000e+01,3.528000000000000000e+03,4.200000000000000000e+01,2.750000000000000000e+02,2.000000000000000000e+00,1.526000000000000000e+03,2.140000000000000000e+02,8.939000000000000000e+03,8.900000000000000000e+01,1.600000000000000000e+01,5.965000000000000000e+03,9.468000000000000000e+03,3.210000000000000000e+02,2.100000000000000000e+02,5.270000000000000000e+02,1.000000000000000000e+00,1.000000000000000000e+00,1.500000000000000000e+01,4.620000000000000000e+02,4.800000000000000000e+01,5.890000000000000000e+02,7.020000000000000000e+02,6.540000000000000000e+02,1.680000000000000000e+02,1.000000000000000000e+01,6.000000000000000000e+00,1.000000000000000000e+00,1.790000000000000000e+02,4.080000000000000000e+02,2.090000000000000000e+02,7.600000000000000000e+01,1.000000000000000000e+01,2.000000000000000000e+00,0.000000000000000000e+00,2.000000000000000000e+00,9.700000000000000000e+01,4.620000000000000000e+02,0.000000000000000000e+00,0.000000000000000000e+00,2.000000000000000000e+00,1.300000000000000000e+01,5.000000000000000000e+00,1.600000000000000000e+01,1.000000000000000000e+00,7.000000000000000000e+00,0.000000000000000000e+00,2.000000000000000000e+00,1.000000000000000000e+01,0.000000000000000000e+00,6.200000000000000000e+01,9.500000000000000000e+01,5.000000000000000000e+00,2.200000000000000000e+01,0.000000000000000000e+00,5.100000000000000000e+01,1.020000000000000000e+02,3.430000000000000000e+02,5.300000000000000000e+01,5.000000000000000000e+00,1.710000000000000000e+02,1.167000000000000000e+03,4.900000000000000000e+01,7.000000000000000000e+00,1.300000000000000000e+01,2.000000000000000000e+00,0.000000000000000000e+00,1.000000000000000000e+00,5.100000000000000000e+01,7.000000000000000000e+01
2.800000000000000000e+01,1.000000000000000000e+00,9.000000000000000000e+00,0.000000000000000000e+00,2.000000000000000000e+00,1.820000000000000000e+02,3.420000000000000000e+02,1.110000000000000000e+02,5.970000000000000000e+02,6.089000000000000000e+03,3.000000000000000000e+00,1.427000000000000000e+03,1.000000000000000000e+00,6.600000000000000000e+01,3.100000000000000000e+01,8.000000000000000000e+00,0.000000000000000000e+00,0.000000000000000000e+00,0.000000000000000000e+00,1.284800000000000000e+04,1.300000000000000000e+01,1.200000000000000000e+01,1.100000000000000000e+01,3.052000000000000000e+03,0.000000000000000000e+00,2.000000000000000000e+00,6.000000000000000000e+00,5.028000000000000000e+03,5.600000000000000000e+01,2.500000000000000000e+01,0.000000000000000000e+00,3.000000000000000000e+00,3.000000000000000000e+00,3.400000000000000000e+01,2.000000000000000000e+00,1.110000000000000000e+02,9.000000000000000000e+00,8.300000000000000000e+01,1.500000000000000000e+01,5.600000000000000000e+01,4.000000000000000000e+00,0.000000000000000000e+00,1.800000000000000000e+01,4.000000000000000000e+00,2.400000000000000000e+01,0.000000000000000000e+00,1.800000000000000000e+01,2.000000000000000000e+00,0.000000000000000000e+00,7.000000000000000000e+00,0.000000000000000000e+00,0.000000000000000000e+00,1.250000000000000000e+02,1.000000000000000000e+00,3.400000000000000000e+01,9.000000000000000000e+01,2.700000000000000000e+01,1.440000000000000000e+02,2.290000000000000000e+02,0.000000000000000000e+00,1.270000000000000000e+02,1.000000000000000000e+00,2.300000000000000000e+01,5.000000000000000000e+00,1.000000000000000000e+00,0.000000000000000000e+00,0.000000000000000000e+00,1.000000000000000000e+00,9.200000000000000000e+01,3.000000000000000000e+00,4.000000000000000000e+00,9.000000000000000000e+00,2.710000000000000000e+02,0.000000000000000000e+00,0.000000000000000000e+00,5.000000000000000000e+00,2.010000000000000000e+02,2.000000000000000000e+01,6.000000000000000000e+00,0.000000000000000000e+00,1.000000000000000000e+00,1.000000000000000000e+00,7.000000000000000000e+00,3.000000000000000000e+00
1.000000000000000000e+00,1.000000000000000000e+00,0.000000000000000000e+00,2.000000000000000000e+00,0.000000000000000000e+00,1.815000000000000000e+03,1.100000000000000000e+01,3.130000000000000000e+02,4.500000000000000000e+01,1.000000000000000000e+01,1.200000000000000000e+01,4.500000000000000000e+01,3.000000000000000000e+00,9.800000000000000000e+01,1.530000000000000000e+03,0.000000000000000000e+00,0.000000000000000000e+00,1.000000000000000000e+00,1.000000000000000000e+00,6.000000000000000000e+00,0.000000000000000000e+00,1.000000000000000000e+00,1.000000000000000000e+00,1.800000000000000000e+01,1.000000000000000000e+00,8.000000000000000000e+00,3.000000000000000000e+00,7.000000000000000000e+00,4.770000000000000000e+02,0.000000000000000000e+00,0.000000000000000000e+00,2.456000000000000000e+03,0.000000000000000000e+00,5.210000000000000000e+02,1.000000000000000000e+00,3.700000000000000000e+01,3.000000000000000000e+00,1.210000000000000000e+02,2.700000000000000000e+01,6.382000000000000000e+03,2.843000000000000000e+03,0.000000000000000000e+00,1.000000000000000000e+00,0.000000000000000000e+00,1.000000000000000000e+00,1.000000000000000000e+00,1.000000000000000000e+00,0.000000000000000000e+00,0.000000000000000000e+00,2.000000000000000000e+00,0.000000000000000000e+00,0.000000000000000000e+00,0.000000000000000000e+00,0.000000000000000000e+00,0.000000000000000000e+00,0.000000000000000000e+00,0.000000000000000000e+00,3.000000000000000000e+00,0.000000000000000000e+00,0.000000000000000000e+00,1.000000000000000000e+00,0.000000000000000000e+00,1.000000000000000000e+00,0.000000000000000000e+00,0.000000000000000000e+00,0.000000000000000000e+00,0.000000000000000000e+00,0.000000000000000000e+00,0.000000000000000000e+00,0.000000000000000000e+00,0.000000000000000000e+00,0.000000000000000000e+00,3.000000000000000000e+00,2.000000000000000000e+00,0.000000000000000000e+00,0.000000000000000000e+00,2.000000000000000000e+00,0.000000000000000000e+00,0.000000000000000000e+00,0.000000000000000000e+00,0.000000000000000000e+00,0.000000000000000000e+00,0.000000000000000000e+00,1.000000000000000000e+00
4.800000000000000000e+01,3.000000000000000000e+00,1.700000000000000000e+01,1.820000000000000000e+02,1.815000000000000000e+03,0.000000000000000000e+00,1.269000000000000000e+03,1.062700000000000000e+04,4.630000000000000000e+02,8.325000000000000000e+03,2.900000000000000000e+01,5.178000000000000000e+03,2.100000000000000000e+01,9.540000000000000000e+02,1.425000000000000000e+03,6.000000000000000000e+00,4.000000000000000000e+00,2.000000000000000000e+00,5.000000000000000000e+00,5.020000000000000000e+02,2.800000000000000000e+01,1.600000000000000000e+01,2.900000000000000000e+01,3.180000000000000000e+02,5.000000000000000000e+00,1.400000000000000000e+01,2.600000000000000000e+01,6.670000000000000000e+02,6.370000000000000000e+02,2.800000000000000000e+01,0.000000000000000000e+00,2.163000000000000000e+03,3.000000000000000000e+00,3.210000000000000000e+02,1.700000000000000000e+01,2.450000000000000000e+02,2.300000000000000000e+01,3.850000000000000000e+02,8.600000000000000000e+01,3.861000000000000000e+03,6.560000000000000000e+02,3.000000000000000000e+00,2.300000000000000000e+01,6.000000000000000000e+00,2.300000000000000000e+01,2.000000000000000000e+00,4.700000000000000000e+01,5.000000000000000000e+00,0.000000000000000000e+00,1.000000000000000000e+01,0.000000000000000000e+00,1.000000000000000000e+00,9.000000000000000000e+01,0.000000000000000000e+00,6.100000000000000000e+01,1.190000000000000000e+02,4.500000000000000000e+01,7.100000000000000000e+01,1.590000000000000000e+02,2.000000000000000000e+00,1.060000000000000000e+02,4.000000000000000000e+00,3.300000000000000000e+01,8.000000000000000000e+00,8.000000000000000000e+00,0.000000000000000000e+00,1.000000000000000000e+00,0.000000000000000000e+00,6.400000000000000000e+01,4.000000000000000000e+00,2.000000000000000000e+00,6.000000000000000000e+00,2.750000000000000000e+02,4.000000000000000000e+00,4.000000000000000000e+00,9.000000000000000000e+00,2.140000000000000000e+02,3.700000000000000000e+01,1.500000000000000000e+01,0.000000000000000000e+00,0.000000000000000000e+00,0.000000000000000000e+00,1.300000000000000000e+01,5.000000000000000000e+00
2.324000000000000000e+03,1.200000000000000000e+01,4.090000000000000000e+02,3.420000000000000000e+02,1.100000000000000000e+01,1.269000000000000000e+03,0.000000000000000000e+00,2.235000000000000000e+03,5.920000000000000000e+02,4.795000000000000000e+03,1.200000000000000000e+01,1.340000000000000000e+02,4.000000000000000000e+00,5.499000000000000000e+03,2.300000000000000000e+01,9.300000000000000000e+01,5.000000000000000000e+01,0.000000000000000000e+00,4.000000000000000000e+00,1.220000000000000000e+02,9.590000000000000000e+02,8.500000000000000000e+01,7.350000000000000000e+02,1.700000000000000000e+03,4.000000000000000000e+00,1.400000000000000000e+01,4.360000000000000000e+02,1.392900000000000000e+04,1.047000000000000000e+03,5.014000000000000000e+03,0.000000000000000000e+00,1.800000000000000000e+01,5.500000000000000000e+01,2.930000000000000000e+02,2.500000000000000000e+01,7.500000000000000000e+02,1.610000000000000000e+02,4.850000000000000000e+02,1.030000000000000000e+02,9.900000000000000000e+01,3.100000000000000000e+01,3.000000000000000000e+00,7.700000000000000000e+01,2.900000000000000000e+01,8.700000000000000000e+01,1.400000000000000000e+01,2.600000000000000000e+01,1.900000000000000000e+01,0.000000000000000000e+00,1.700000000000000000e+01,0.000000000000000000e+00,1.200000000000000000e+01,4.300000000000000000e+01,0.000000000000000000e+00,4.900000000000000000e+01,1.540000000000000000e+02,7.900000000000000000e+01,9.400000000000000000e+01,1.260000000000000000e+02,2.000000000000000000e+00,5.300000000000000000e+01,0.000000000000000000e+00,6.700000000000000000e+01,0.000000000000000000e+00,4.000000000000000000e+01,3.000000000000000000e+00,1.000000000000000000e+00,0.000000000000000000e+00,3.900000000000000000e+01,4.300000000000000000e+01,1.300000000000000000e+01,6.400000000000000000e+01,3.860000000000000000e+02,0.000000000000000000e+00,5.000000000000000000e+00,5.400000000000000000e+01,3.190000000000000000e+02,7.300000000000000000e+01,4.700000000000000000e+01,0.000000000000000000e+00,0.000000000000000000e+00,1.000000000000000000e+01,3.100000000000000000e+01,1.600000000000000000e+01
6.790000000000000000e+02,1.100000000000000000e+01,1.410000000000000000e+02,1.110000000000000000e+02,3.130000000000000000e+02,1.062700000000000000e+04,2.235000000000000000e+03,0.000000000000000000e+00,1.740000000000000000e+02,1.892000000000000000e+03,7.700000000000000000e+01,5.690000000000000000e+02,5.000000000000000000e+01,7.394000000000000000e+03,2.400000000000000000e+02,3.300000000000000000e+01,3.700000000000000000e+01,3.000000000000000000e+00,7.000000000000000000e+00,1.680000000000000000e+02,2.520000000000000000e+02,3.500000000000000000e+01,2.690000000000000000e+02,3.110000000000000000e+02,1.200000000000000000e+01,2.300000000000000000e+01,1.250000000000000000e+02,6.690000000000000000e+02,1.434000000000000000e+03,3.550000000000000000e+02,2.000000000000000000e+00,1.807000000000000000e+03,1.100000000000000000e+01,6.230000000000000000e+02,1.000000000000000000e+01,5.710000000000000000e+02,4.500000000000000000e+01,5.330000000000000000e+02,1.480000000000000000e+02,9.180000000000000000e+02,5.290000000000000000e+02,5.000000000000000000e+00,4.200000000000000000e+01,1.200000000000000000e+01,3.300000000000000000e+01,3.000000000000000000e+00,2.500000000000000000e+01,7.000000000000000000e+00,0.000000000000000000e+00,1.200000000000000000e+01,4.000000000000000000e+00,9.000000000000000000e+00,2.100000000000000000e+01,0.000000000000000000e+00,1.900000000000000000e+01,8.400000000000000000e+01,4.200000000000000000e+01,4.700000000000000000e+01,5.800000000000000000e+01,3.000000000000000000e+00,3.100000000000000000e+01,0.000000000000000000e+00,4.600000000000000000e+01,2.000000000000000000e+00,1.300000000000000000e+01,1.000000000000000000e+00,0.000000000000000000e+00,1.000000000000000000e+00,2.000000000000000000e+01,1.400000000000000000e+01,1.000000000000000000e+01,1.900000000000000000e+01,2.370000000000000000e+02,4.000000000000000000e+00,8.000000000000000000e+00,2.200000000000000000e+01,1.410000000000000000e+02,3.700000000000000000e+01,2.200000000000000000e+01,1.000000000000000000e+00,1.000000000000000000e+00,5.000000000000000000e+00,1.100000000000000000e+01,1.100000000000000000e+01
9.900000000000000000e+01,2.510000000000000000e+02,3.800000000000000000e+01,5.970000000000000000e+02,4.500000000000000000e+01,4.630000000000000000e+02,5.920000000000000000e+02,1.740000000000000000e+02,0.000000000000000000e+00,8.390000000000000000e+02,1.400000000000000000e+01,2.499000000000000000e+03,2.300000000000000000e+01,1.580000000000000000e+02,8.630000000000000000e+02,8.900000000000000000e+01,1.900000000000000000e+01,5.000000000000000000e+00,8.000000000000000000e+00,5.290000000000000000e+02,7.000000000000000000e+01,3.350000000000000000e+03,7.000000000000000000e+01,8.207000000000000000e+03,4.800000000000000000e+01,3.800000000000000000e+01,1.810000000000000000e+02,1.132000000000000000e+03,2.690000000000000000e+02,3.600000000000000000e+02,1.000000000000000000e+00,1.700000000000000000e+01,5.600000000000000000e+01,1.300000000000000000e+02,1.500000000000000000e+01,3.430000000000000000e+02,1.310000000000000000e+02,1.270000000000000000e+02,3.600000000000000000e+01,1.055000000000000000e+03,1.000000000000000000e+01,6.000000000000000000e+00,1.210000000000000000e+02,5.100000000000000000e+01,1.270000000000000000e+02,1.500000000000000000e+01,9.900000000000000000e+01,2.200000000000000000e+01,0.000000000000000000e+00,4.800000000000000000e+01,7.000000000000000000e+00,1.800000000000000000e+01,2.300000000000000000e+02,2.000000000000000000e+00,1.130000000000000000e+02,3.260000000000000000e+02,1.290000000000000000e+02,1.032000000000000000e+03,3.540000000000000000e+02,0.000000000000000000e+00,3.670000000000000000e+02,1.000000000000000000e+00,1.210000000000000000e+02,1.300000000000000000e+01,4.800000000000000000e+01,1.000000000000000000e+00,3.000000000000000000e+00,0.000000000000000000e+00,1.780000000000000000e+02,5.200000000000000000e+01,3.600000000000000000e+01,5.100000000000000000e+01,1.283000000000000000e+03,0.000000000000000000e+00,1.300000000000000000e+01,7.800000000000000000e+01,7.220000000000000000e+02,1.590000000000000000e+02,1.040000000000000000e+02,0.000000000000000000e+00,4.000000000000000000e+00,1.900000000000000000e+01,5.400000000000000000e+01,1.700000000000000000e+01
1.900000000000000000e+02,2.000000000000000000e+00,1.300000000000000000e+01,6.089000000000000000e+03,1.000000000000000000e+01,8.325000000000000000e+03,4.795000000000000000e+03,1.892000000000000000e+03,8.390000000000000000e+02,0.000000000000000000e+00,2.200000000000000000e+01,6.871000000000000000e+03,1.000000000000000000e+01,1.076000000000000000e+03,5.400000000000000000e+01,3.000000000000000000e+00,3.000000000000000000e+00,4.000000000000000000e+00,3.000000000000000000e+00,7.962000000000000000e+03,3.500000000000000000e+01,2.800000000000000000e+01,2.100000000000000000e+01,6.850000000000000000e+02,7.000000000000000000e+00,7.000000000000000000e+00,2.900000000000000000e+01,8.372000000000000000e+03,2.380000000000000000e+02,5.600000000000000000e+01,1.000000000000000000e+00,1.900000000000000000e+01,7.000000000000000000e+00,1.690000000000000000e+02,9.000000000000000000e+00,4.100000000000000000e+02,3.300000000000000000e+01,3.000000000000000000e+02,6.000000000000000000e+01,2.290000000000000000e+02,3.100000000000000000e+01,6.000000000000000000e+00,4.300000000000000000e+01,6.000000000000000000e+00,4.400000000000000000e+01,1.000000000000000000e+01,7.400000000000000000e+01,1.500000000000000000e+01,0.000000000000000000e+00,6.000000000000000000e+00,3.000000000000000000e+00,2.000000000000000000e+00,3.370000000000000000e+02,0.000000000000000000e+00,1.380000000000000000e+02,2.880000000000000000e+02,1.150000000000000000e+02,2.790000000000000000e+02,6.380000000000000000e+02,1.000000000000000000e+00,3.120000000000000000e+02,0.000000000000000000e+00,7.900000000000000000e+01,1.200000000000000000e+01,8.000000000000000000e+00,0.000000000000000000e+00,0.000000000000000000e+00,0.000000000000000000e+00,2.690000000000000000e+02,2.200000000000000000e+01,1.000000000000000000e+01,1.300000000000000000e+01,8.240000000000000000e+02,0.000000000000000000e+00,2.000000000000000000e+00,9.000000000000000000e+00,6.030000000000000000e+02,6.500000000000000000e+01,2.900000000000000000e+01,0.000000000000000000e+00,1.000000000000000000e+00,7.000000000000000000e+00,2.600000000000000000e+01,6.000000000000000000e+00
4.000000000000000000e+00,1.850000000000000000e+02,3.400000000000000000e+01,3.000000000000000000e+00,1.200000000000000000e+01,2.900000000000000000e+01,1.200000000000000000e+01,7.700000000000000000e+01,1.400000000000000000e+01,2.200000000000000000e+01,0.000000000000000000e+00,1.300000000000000000e+01,8.968000000000000000e+03,9.100000000000000000e+01,4.000000000000000000e+00,7.000000000000000000e+00,3.360000000000000000e+02,3.412000000000000000e+03,2.208000000000000000e+03,3.000000000000000000e+00,1.300000000000000000e+01,2.500000000000000000e+01,3.100000000000000000e+01,2.600000000000000000e+01,3.058000000000000000e+03,7.418000000000000000e+03,1.568000000000000000e+03,1.500000000000000000e+01,1.670000000000000000e+02,1.000000000000000000e+01,1.103000000000000000e+03,5.100000000000000000e+01,4.000000000000000000e+00,3.199000000000000000e+03,2.000000000000000000e+00,1.280000000000000000e+02,9.410000000000000000e+02,2.056000000000000000e+03,1.770000000000000000e+02,1.300000000000000000e+01,1.700000000000000000e+01,5.550000000000000000e+02,1.400000000000000000e+01,3.250000000000000000e+02,1.350000000000000000e+02,1.200000000000000000e+01,3.000000000000000000e+00,1.000000000000000000e+00,4.400000000000000000e+01,0.000000000000000000e+00,4.500000000000000000e+01,2.700000000000000000e+01,0.000000000000000000e+00,0.000000000000000000e+00,1.000000000000000000e+00,3.000000000000000000e+00,0.000000000000000000e+00,2.000000000000000000e+00,2.000000000000000000e+00,4.790000000000000000e+02,0.000000000000000000e+00,3.280000000000000000e+02,5.000000000000000000e+00,0.000000000000000000e+00,2.000000000000000000e+00,2.400000000000000000e+01,9.800000000000000000e+01,6.600000000000000000e+01,0.000000000000000000e+00,2.000000000000000000e+00,5.000000000000000000e+00,5.000000000000000000e+00,5.000000000000000000e+00,3.760000000000000000e+02,7.110000000000000000e+02,5.180000000000000000e+02,6.000000000000000000e+00,3.000000000000000000e+00,3.000000000000000000e+00,8.500000000000000000e+01,2.000000000000000000e+00,0.000000000000000000e+00,6.700000000000000000e+01,1.000000000000000000e+00
2.500000000000000000e+01,1.000000000000000000e+00,2.000000000000000000e+00,1.427000000000000000e+03,4.500000000000000000e+01,5.178000000000000000e+03,1.340000000000000000e+02,5.690000000000000000e+02,2.499000000000000000e+03,6.871000000000000000e+03,1.300000000000000000e+01,0.000000000000000000e+00,6.000000000000000000e+00,2.180000000000000000e+02,1.048000000000000000e+03,2.000000000000000000e+00,0.000000000000000000e+00,0.000000000000000000e+00,3.000000000000000000e+00,7.831000000000000000e+03,6.000000000000000000e+00,1.900000000000000000e+01,5.000000000000000000e+00,1.028000000000000000e+03,7.000000000000000000e+00,3.000000000000000000e+00,1.500000000000000000e+01,5.520000000000000000e+02,1.310000000000000000e+02,1.400000000000000000e+01,0.000000000000000000e+00,2.800000000000000000e+01,5.000000000000000000e+00,6.800000000000000000e+01,3.100000000000000000e+01,1.870000000000000000e+02,1.200000000000000000e+01,1.460000000000000000e+02,2.400000000000000000e+01,1.784000000000000000e+03,2.400000000000000000e+01,3.000000000000000000e+00,2.000000000000000000e+01,2.000000000000000000e+00,2.300000000000000000e+01,1.000000000000000000e+00,8.200000000000000000e+01,5.000000000000000000e+00,1.000000000000000000e+00,4.000000000000000000e+00,2.000000000000000000e+00,0.000000000000000000e+00,1.830000000000000000e+02,0.000000000000000000e+00,9.100000000000000000e+01,1.080000000000000000e+02,5.500000000000000000e+01,2.140000000000000000e+02,3.260000000000000000e+02,3.000000000000000000e+00,2.960000000000000000e+02,0.000000000000000000e+00,2.800000000000000000e+01,7.000000000000000000e+00,4.000000000000000000e+00,0.000000000000000000e+00,1.000000000000000000e+00,2.000000000000000000e+00,1.470000000000000000e+02,5.000000000000000000e+00,6.000000000000000000e+00,2.000000000000000000e+00,3.960000000000000000e+02,0.000000000000000000e+00,0.000000000000000000e+00,1.200000000000000000e+01,2.900000000000000000e+02,3.700000000000000000e+01,8.000000000000000000e+00,0.000000000000000000e+00,0.000000000000000000e+00,0.000000000000000000e+00,1.400000000000000000e+01,2.000000000000000000e+00
6.000000000000000000e+00,2.130000000000000000e+02,3.000000000000000000e+00,1.000000000000000000e+00,3.000000000000000000e+00,2.100000000000000000e+01,4.000000000000000000e+00,5.000000000000000000e+01,2.300000000000000000e+01,1.000000000000000000e+01,8.968000000000000000e+03,6.000000000000000000e+00,0.000000000000000000e+00,4.800000000000000000e+01,2.000000000000000000e+00,2.000000000000000000e+00,9.000000000000000000e+00,9.000000000000000000e+01,3.600000000000000000e+01,1.000000000000000000e+00,6.000000000000000000e+00,4.500000000000000000e+01,4.000000000000000000e+00,1.600000000000000000e+01,7.477000000000000000e+03,1.510000000000000000e+03,3.797000000000000000e+03,6.000000000000000000e+00,6.000000000000000000e+01,4.000000000000000000e+00,4.643000000000000000e+03,3.200000000000000000e+01,2.000000000000000000e+00,1.661000000000000000e+03,2.700000000000000000e+01,6.010000000000000000e+02,1.256000000000000000e+03,1.591000000000000000e+03,6.730000000000000000e+02,2.300000000000000000e+01,2.850000000000000000e+02,1.280000000000000000e+03,1.000000000000000000e+01,1.620000000000000000e+02,6.200000000000000000e+01,7.000000000000000000e+00,1.000000000000000000e+01,1.000000000000000000e+00,1.600000000000000000e+01,0.000000000000000000e+00,1.200000000000000000e+01,6.000000000000000000e+00,1.000000000000000000e+00,0.000000000000000000e+00,2.000000000000000000e+00,1.000000000000000000e+00,0.000000000000000000e+00,1.000000000000000000e+00,4.000000000000000000e+00,1.690000000000000000e+02,7.000000000000000000e+00,1.240000000000000000e+02,4.000000000000000000e+00,1.000000000000000000e+00,2.000000000000000000e+00,0.000000000000000000e+00,4.000000000000000000e+01,1.500000000000000000e+01,2.000000000000000000e+00,0.000000000000000000e+00,1.000000000000000000e+00,6.000000000000000000e+00,6.000000000000000000e+00,1.900000000000000000e+02,3.130000000000000000e+02,1.640000000000000000e+02,4.000000000000000000e+00,3.000000000000000000e+00,3.000000000000000000e+00,2.700000000000000000e+01,0.000000000000000000e+00,0.000000000000000000e+00,2.800000000000000000e+01,2.800000000000000000e+01
4.067000000000000000e+03,6.000000000000000000e+00,1.890000000000000000e+02,6.600000000000000000e+01,9.800000000000000000e+01,9.540000000000000000e+02,5.499000000000000000e+03,7.394000000000000000e+03,1.580000000000000000e+02,1.076000000000000000e+03,9.100000000000000000e+01,2.180000000000000000e+02,4.800000000000000000e+01,0.000000000000000000e+00,6.900000000000000000e+01,2.100000000000000000e+01,6.200000000000000000e+01,1.000000000000000000e+01,1.700000000000000000e+01,1.690000000000000000e+02,3.540000000000000000e+02,3.900000000000000000e+01,3.380000000000000000e+02,3.010000000000000000e+02,1.700000000000000000e+01,2.900000000000000000e+01,1.880000000000000000e+02,7.340000000000000000e+02,1.083200000000000000e+04,7.680000000000000000e+02,2.000000000000000000e+00,7.270000000000000000e+02,6.300000000000000000e+01,7.710000000000000000e+02,1.200000000000000000e+01,6.090000000000000000e+02,5.500000000000000000e+01,6.140000000000000000e+02,9.300000000000000000e+01,3.750000000000000000e+02,2.500000000000000000e+02,9.000000000000000000e+00,5.600000000000000000e+01,1.600000000000000000e+01,3.800000000000000000e+01,7.000000000000000000e+00,1.300000000000000000e+01,9.000000000000000000e+00,0.000000000000000000e+00,8.000000000000000000e+00,4.000000000000000000e+00,1.000000000000000000e+00,1.000000000000000000e+01,0.000000000000000000e+00,1.600000000000000000e+01,6.400000000000000000e+01,2.800000000000000000e+01,4.000000000000000000e+01,3.200000000000000000e+01,4.000000000000000000e+00,2.100000000000000000e+01,0.000000000000000000e+00,3.200000000000000000e+01,0.000000000000000000e+00,1.500000000000000000e+01,2.000000000000000000e+00,0.000000000000000000e+00,0.000000000000000000e+00,1.000000000000000000e+01,1.700000000000000000e+01,6.000000000000000000e+00,2.700000000000000000e+01,1.930000000000000000e+02,5.000000000000000000e+00,6.000000000000000000e+00,4.400000000000000000e+01,1.380000000000000000e+02,3.000000000000000000e+01,3.100000000000000000e+01,0.000000000000000000e+00,1.000000000000000000e+00,4.000000000000000000e+00,2.200000000000000000e+01,1.700000000000000000e+01
0.000000000000000000e+00,6.000000000000000000e+00,2.000000000000000000e+00,3.100000000000000000e+01,1.530000000000000000e+03,1.425000000000000000e+03,2.300000000000000000e+01,2.400000000000000000e+02,8.630000000000000000e+02,5.400000000000000000e+01,4.000000000000000000e+00,1.048000000000000000e+03,2.000000000000000000e+00,6.900000000000000000e+01,0.000000000000000000e+00,0.000000000000000000e+00,1.000000000000000000e+00,1.000000000000000000e+00,1.000000000000000000e+00,3.000000000000000000e+01,1.000000000000000000e+00,3.100000000000000000e+01,2.000000000000000000e+00,1.970000000000000000e+02,1.000000000000000000e+00,2.000000000000000000e+00,5.000000000000000000e+00,4.200000000000000000e+01,6.500000000000000000e+01,5.000000000000000000e+00,0.000000000000000000e+00,1.840000000000000000e+02,0.000000000000000000e+00,1.700000000000000000e+01,1.700000000000000000e+01,1.800000000000000000e+01,0.000000000000000000e+00,1.100000000000000000e+01,6.000000000000000000e+00,6.691000000000000000e+03,1.070000000000000000e+02,0.000000000000000000e+00,4.000000000000000000e+00,1.000000000000000000e+00,2.000000000000000000e+00,0.000000000000000000e+00,9.000000000000000000e+00,0.000000000000000000e+00,0.000000000000000000e+00,0.000000000000000000e+00,0.000000000000000000e+00,0.000000000000000000e+00,9.000000000000000000e+00,0.000000000000000000e+00,6.000000000000000000e+00,3.000000000000000000e+00,3.000000000000000000e+00,9.000000000000000000e+00,1.400000000000000000e+01,0.000000000000000000e+00,2.400000000000000000e+01,0.000000000000000000e+00,2.000000000000000000e+00,3.000000000000000000e+00,0.000000000000000000e+00,0.000000000000000000e+00,0.000000000000000000e+00,0.000000000000000000e+00,4.000000000000000000e+00,3.000000000000000000e+00,0.000000000000000000e+00,4.000000000000000000e+00,8.000000000000000000e+00,0.000000000000000000e+00,0.000000000000000000e+00,1.000000000000000000e+00,1.500000000000000000e+01,1.000000000000000000e+00,2.000000000000000000e+00,0.000000000000000000e+00,0.000000000000000000e+00,0.000000000000000000e+00,3.000000000000000000e+00,2.000000000000000000e+00
2.100000000000000000e+01,1.760000000000000000e+02,7.900000000000000000e+01,8.000000000000000000e+00,0.000000000000000000e+00,6.000000000000000000e+00,9.300000000000000000e+01,3.300000000000000000e+01,8.900000000000000000e+01,3.000000000000000000e+00,7.000000000000000000e+00,2.000000000000000000e+00,2.000000000000000000e+00,2.100000000000000000e+01,0.000000000000000000e+00,0.000000000000000000e+00,7.700000000000000000e+01,1.000000000000000000e+00,1.300000000000000000e+01,2.000000000000000000e+00,5.797000000000000000e+03,3.420000000000000000e+03,6.869000000000000000e+03,2.135000000000000000e+03,2.000000000000000000e+01,4.000000000000000000e+01,4.977000000000000000e+03,1.777000000000000000e+03,6.900000000000000000e+01,3.430000000000000000e+02,0.000000000000000000e+00,0.000000000000000000e+00,1.400000000000000000e+01,2.530000000000000000e+02,1.040000000000000000e+02,1.539000000000000000e+03,9.260000000000000000e+02,4.250000000000000000e+02,1.800000000000000000e+02,1.800000000000000000e+01,1.000000000000000000e+01,1.000000000000000000e+00,4.710000000000000000e+02,3.450000000000000000e+02,2.410000000000000000e+02,7.800000000000000000e+01,5.800000000000000000e+01,1.000000000000000000e+00,0.000000000000000000e+00,6.000000000000000000e+00,8.000000000000000000e+00,7.800000000000000000e+01,1.000000000000000000e+00,0.000000000000000000e+00,8.000000000000000000e+00,5.900000000000000000e+01,1.300000000000000000e+01,4.900000000000000000e+01,7.000000000000000000e+00,1.000000000000000000e+00,3.000000000000000000e+00,0.000000000000000000e+00,1.700000000000000000e+01,0.000000000000000000e+00,7.970000000000000000e+02,9.000000000000000000e+00,0.000000000000000000e+00,3.000000000000000000e+00,2.000000000000000000e+00,3.250000000000000000e+02,2.940000000000000000e+02,9.550000000000000000e+02,3.040000000000000000e+02,2.000000000000000000e+00,1.500000000000000000e+01,4.460000000000000000e+02,1.810000000000000000e+02,4.000000000000000000e+01,1.160000000000000000e+02,0.000000000000000000e+00,0.000000000000000000e+00,1.500000000000000000e+01,6.100000000000000000e+01,1.430000000000000000e+02
4.200000000000000000e+01,4.110000000000000000e+02,3.528000000000000000e+03,0.000000000000000000e+00,0.000000000000000000e+00,4.000000000000000000e+00,5.000000000000000000e+01,3.700000000000000000e+01,1.900000000000000000e+01,3.000000000000000000e+00,3.360000000000000000e+02,0.000000000000000000e+00,9.000000000000000000e+00,6.200000000000000000e+01,1.000000000000000000e+00,7.700000000000000000e+01,0.000000000000000000e+00,2.480000000000000000e+02,4.431000000000000000e+03,1.000000000000000000e+00,4.800000000000000000e+02,1.410000000000000000e+02,3.919000000000000000e+03,5.800000000000000000e+01,3.800000000000000000e+01,3.602000000000000000e+03,3.735000000000000000e+03,7.300000000000000000e+01,1.480000000000000000e+02,3.570000000000000000e+02,0.000000000000000000e+00,2.000000000000000000e+00,1.300000000000000000e+01,8.330000000000000000e+02,2.100000000000000000e+01,2.680000000000000000e+02,5.060000000000000000e+02,6.360000000000000000e+02,1.250000000000000000e+02,4.000000000000000000e+00,6.000000000000000000e+00,2.000000000000000000e+00,6.900000000000000000e+01,1.960000000000000000e+02,1.320000000000000000e+02,3.400000000000000000e+01,2.000000000000000000e+00,1.000000000000000000e+00,0.000000000000000000e+00,0.000000000000000000e+00,1.250000000000000000e+02,2.790000000000000000e+02,0.000000000000000000e+00,0.000000000000000000e+00,0.000000000000000000e+00,5.000000000000000000e+00,3.000000000000000000e+00,6.000000000000000000e+00,0.000000000000000000e+00,9.000000000000000000e+00,0.000000000000000000e+00,3.000000000000000000e+00,4.000000000000000000e+00,0.000000000000000000e+00,2.700000000000000000e+01,8.600000000000000000e+01,8.000000000000000000e+00,2.800000000000000000e+01,0.000000000000000000e+00,1.400000000000000000e+01,3.300000000000000000e+01,1.170000000000000000e+02,1.500000000000000000e+01,9.000000000000000000e+00,2.620000000000000000e+02,8.230000000000000000e+02,6.000000000000000000e+00,5.000000000000000000e+00,1.200000000000000000e+01,0.000000000000000000e+00,0.000000000000000000e+00,0.000000000000000000e+00,4.300000000000000000e+01,1.900000000000000000e+01
0.000000000000000000e+00,8.600000000000000000e+01,4.200000000000000000e+01,0.000000000000000000e+00,1.000000000000000000e+00,2.000000000000000000e+00,0.000000000000000000e+00,3.000000000000000000e+00,5.000000000000000000e+00,4.000000000000000000e+00,3.412000000000000000e+03,0.000000000000000000e+00,9.000000000000000000e+01,1.000000000000000000e+01,1.000000000000000000e+00,1.000000000000000000e+00,2.480000000000000000e+02,0.000000000000000000e+00,2.943000000000000000e+03,0.000000000000000000e+00,3.000000000000000000e+00,1.400000000000000000e+01,1.500000000000000000e+01,2.000000000000000000e+00,2.160000000000000000e+02,3.015000000000000000e+03,5.910000000000000000e+02,4.000000000000000000e+00,1.500000000000000000e+01,4.000000000000000000e+00,2.100000000000000000e+01,2.000000000000000000e+00,0.000000000000000000e+00,1.870000000000000000e+02,6.000000000000000000e+00,4.600000000000000000e+01,1.440000000000000000e+02,1.650000000000000000e+02,3.200000000000000000e+01,1.000000000000000000e+00,0.000000000000000000e+00,1.200000000000000000e+01,6.000000000000000000e+00,7.600000000000000000e+01,3.000000000000000000e+01,5.000000000000000000e+00,0.000000000000000000e+00,0.000000000000000000e+00,1.100000000000000000e+01,0.000000000000000000e+00,2.500000000000000000e+01,1.300000000000000000e+01,0.000000000000000000e+00,0.000000000000000000e+00,0.000000000000000000e+00,1.000000000000000000e+00,2.000000000000000000e+00,1.000000000000000000e+00,0.000000000000000000e+00,6.200000000000000000e+01,1.000000000000000000e+00,3.300000000000000000e+01,0.000000000000000000e+00,0.000000000000000000e+00,1.000000000000000000e+00,9.000000000000000000e+00,2.400000000000000000e+01,3.000000000000000000e+01,0.000000000000000000e+00,0.000000000000000000e+00,1.000000000000000000e+00,2.000000000000000000e+00,2.000000000000000000e+00,8.500000000000000000e+01,2.300000000000000000e+02,1.920000000000000000e+02,1.000000000000000000e+00,1.000000000000000000e+00,0.000000000000000000e+00,1.300000000000000000e+01,0.000000000000000000e+00,0.000000000000000000e+00,3.100000000000000000e+01,4.000000000000000000e+00
5.000000000000000000e+00,3.280000000000000000e+02,2.750000000000000000e+02,0.000000000000000000e+00,1.000000000000000000e+00,5.000000000000000000e+00,4.000000000000000000e+00,7.000000000000000000e+00,8.000000000000000000e+00,3.000000000000000000e+00,2.208000000000000000e+03,3.000000000000000000e+00,3.600000000000000000e+01,1.700000000000000000e+01,1.000000000000000000e+00,1.300000000000000000e+01,4.431000000000000000e+03,2.943000000000000000e+03,0.000000000000000000e+00,0.000000000000000000e+00,2.300000000000000000e+01,6.000000000000000000e+01,1.480000000000000000e+02,2.000000000000000000e+01,1.590000000000000000e+02,5.204000000000000000e+03,1.923000000000000000e+03,9.000000000000000000e+00,2.700000000000000000e+01,2.300000000000000000e+01,8.000000000000000000e+00,5.000000000000000000e+00,2.000000000000000000e+00,9.460000000000000000e+02,6.000000000000000000e+00,1.450000000000000000e+02,2.560000000000000000e+02,5.660000000000000000e+02,9.500000000000000000e+01,2.000000000000000000e+00,3.000000000000000000e+00,1.000000000000000000e+01,2.100000000000000000e+01,1.590000000000000000e+02,8.500000000000000000e+01,1.700000000000000000e+01,1.000000000000000000e+00,1.000000000000000000e+00,7.000000000000000000e+00,0.000000000000000000e+00,8.100000000000000000e+01,7.900000000000000000e+01,0.000000000000000000e+00,0.000000000000000000e+00,1.000000000000000000e+00,2.000000000000000000e+00,2.000000000000000000e+00,6.000000000000000000e+00,0.000000000000000000e+00,4.600000000000000000e+01,1.000000000000000000e+00,1.800000000000000000e+01,0.000000000000000000e+00,0.000000000000000000e+00,4.000000000000000000e+00,4.800000000000000000e+01,1.400000000000000000e+01,6.200000000000000000e+01,0.000000000000000000e+00,5.000000000000000000e+00,6.000000000000000000e+00,1.800000000000000000e+01,6.000000000000000000e+00,3.500000000000000000e+01,3.920000000000000000e+02,4.830000000000000000e+02,2.000000000000000000e+00,0.000000000000000000e+00,3.000000000000000000e+00,9.000000000000000000e+00,0.000000000000000000e+00,0.000000000000000000e+00,4.200000000000000000e+01,4.000000000000000000e+00
