0.000000000000000000e+00,1.000000000000000000e+01,9.600000000000000000e+01,2.100000000000000000e+01,1.000000000000000000e+00,6.900000000000000000e+01,1.852000000000000000e+03,1.499000000000000000e+03,6.300000000000000000e+01,3.620000000000000000e+02,2.700000000000000000e+01,2.000000000000000000e+01,0.000000000000000000e+00,4.232000000000000000e+03,4.000000000000000000e+00,1.400000000000000000e+01,6.200000000000000000e+01,4.000000000000000000e+00,4.000000000000000000e+00,2.400000000000000000e+01,1.680000000000000000e+02,2.300000000000000000e+01,2.940000000000000000e+02,1.540000000000000000e+02,4.000000000000000000e+00,3.700000000000000000e+01,5.900000000000000000e+01,3.670000000000000000e+02,4.733000000000000000e+03,1.962000000000000000e+03,1.000000000000000000e+00,1.200000000000000000e+01,8.500000000000000000e+01,1.380000000000000000e+02,1.200000000000000000e+01,2.770000000000000000e+02,2.500000000000000000e+01,1.460000000000000000e+02,3.000000000000000000e+01,2.500000000000000000e+01,2.800000000000000000e+01,3.000000000000000000e+00,1.800000000000000000e+01,0.000000000000000000e+00,6.000000000000000000e+00,2.000000000000000000e+00,1.100000000000000000e+01,0.000000000000000000e+00,0.000000000000000000e+00,8.000000000000000000e+00,4.000000000000000000e+00,8.000000000000000000e+00,0.000000000000000000e+00,0.000000000000000000e+00,6.000000000000000000e+00,1.500000000000000000e+01,1.800000000000000000e+01,1.000000000000000000e+01,9.000000000000000000e+00,0.000000000000000000e+00,0.000000000000000000e+00,0.000000000000000000e+00,1.500000000000000000e+01,0.000000000000000000e+00,1.400000000000000000e+01,1.000000000000000000e+00,0.000000000000000000e+00,0.000000000000000000e+00,1.000000000000000000e+00,9.000000000000000000e+00,6.000000000000000000e+00,1.600000000000000000e+01,3.400000000000000000e+01,0.000000000000000000e+00,3.000000000000000000e+00,2.100000000000000000e+01,3.500000000000000000e+01,1.300000000000000000e+01,1.100000000000000000e+01,0.000000000000000000e+00,1.000000000000000000e+00,0.000000000000000000e+00,6.000000000000000000e+00,1.000000000000000000e+01
1.000000000000000000e+01,0.000000000000000000e+00,8.380000000000000000e+02,0.000000000000000000e+00,0.000000000000000000e+00,6.000000000000000000e+00,5.400000000000000000e+01,2.100000000000000000e+01,2.860000000000000000e+02,7.000000000000000000e+00,2.300000000000000000e+01,3.000000000000000000e+00,6.000000000000000000e+00,1.600000000000000000e+01,1.100000000000000000e+01,2.800000000000000000e+02,4.360000000000000000e+02,1.600000000000000000e+01,1.240000000000000000e+02,0.000000000000000000e+00,9.800000000000000000e+01,1.947000000000000000e+03,3.850000000000000000e+02,3.360000000000000000e+02,1.060000000000000000e+03,6.530000000000000000e+02,5.051000000000000000e+03,7.000000000000000000e+01,4.200000000000000000e+01,9.000000000000000000e+01,1.000000000000000000e+00,3.000000000000000000e+00,9.000000000000000000e+00,2.700000000000000000e+02,6.000000000000000000e+00,5.740000000000000000e+02,3.840000000000000000e+02,3.040000000000000000e+02,4.600000000000000000e+01,1.400000000000000000e+01,4.000000000000000000e+00,2.000000000000000000e+00,6.500000000000000000e+01,2.800000000000000000e+01,3.400000000000000000e+01,2.400000000000000000e+01,7.000000000000000000e+00,0.000000000000000000e+00,0.000000000000000000e+00,2.000000000000000000e+00,9.000000000000000000e+01,1.550000000000000000e+02,0.000000000000000000e+00,0.000000000000000000e+00,0.000000000000000000e+00,7.000000000000000000e+00,2.000000000000000000e+00,4.000000000000000000e+00,1.000000000000000000e+00,3.000000000000000000e+00,2.000000000000000000e+00,0.000000000000000000e+00,4.000000000000000000e+00,0.000000000000000000e+00,2.000000000000000000e+01,8.900000000000000000e+01,1.000000000000000000e+00,1.300000000000000000e+01,0.000000000000000000e+00,1.700000000000000000e+01,1.900000000000000000e+01,1.020000000000000000e+02,5.000000000000000000e+00,5.000000000000000000e+00,7.800000000000000000e+01,5.580000000000000000e+02,1.100000000000000000e+01,4.000000000000000000e+00,1.100000000000000000e+01,1.000000000000000000e+00,0.000000000000000000e+00,0.000000000000000000e+00,2.500000000000000000e+01,6.000000000000000000e+00
9.600000000000000000e+01,8.380000000000000000e+02,0.000000000000000000e+00,3.000000000000000000e+00,0.000000000000000000e+00,1.200000000000000000e+01,3.510000000000000000e+02,1.350000000000000000e+02,2.700000000000000000e+01,2.700000000000000000e+01,2.000000000000000000e+01,3.000000000000000000e+00,6.000000000000000000e+00,1.460000000000000000e+02,0.000000000000000000e+00,5.900000000000000000e+01,1.869000000000000000e+03,5.000000000000000000e+00,1.300000000000000000e+02,2.000000000000000000e+00,9.760000000000000000e+02,7.300000000000000000e+01,6.233000000000000000e+03,8.600000000000000000e+01,1.800000000000000000e+01,4.967000000000000000e+03,7.693000000000000000e+03,3.350000000000000000e+02,1.880000000000000000e+02,6.370000000000000000e+02,0.000000000000000000e+00,5.000000000000000000e+00,1.600000000000000000e+01,2.930000000000000000e+02,1.700000000000000000e+01,1.080000000000000000e+03,1.010000000000000000e+03,4.660000000000000000e+02,1.000000000000000000e+02,1.500000000000000000e+01,5.000000000000000000e+00,5.000000000000000000e+00,1.930000000000000000e+02,8.600000000000000000e+01,1.570000000000000000e+02,6.100000000000000000e+01,1.200000000000000000e+01,6.000000000000000000e+00,2.000000000000000000e+00,1.200000000000000000e+01,1.760000000000000000e+02,5.590000000000000000e+02,0.000000000000000000e+00,0.000000000000000000e+00,4.000000000000000000e+00,2.500000000000000000e+01,8.000000000000000000e+00,9.000000000000000000e+00,4.000000000000000000e+00,9.000000000000000000e+00,0.000000000000000000e+00,2.000000000000000000e+00,1.000000000000000000e+01,0.000000000000000000e+00,7.300000000000000000e+01,2.650000000000000000e+02,5.000000000000000000e+00,5.800000000000000000e+01,1.000000000000000000e+00,4.800000000000000000e+01,3.400000000000000000e+01,5.070000000000000000e+02,2.200000000000000000e+01,6.000000000000000000e+00,2.390000000000000000e+02,1.487000000000000000e+03,3.500000000000000000e+01,8.000000000000000000e+00,3.900000000000000000e+01,0.000000000000000000e+00,0.000000000000000000e+00,1.000000000000000000e+00,6.700000000000000000e+01,1.700000000000000000e+01
2.100000000000000000e+01,0.000000000000000000e+00,3.000000000000000000e+00,0.000000000000000000e+00,2.000000000000000000e+00,5.220000000000000000e+02,6.440000000000000000e+02,1.410000000000000000e+02,4.470000000000000000e+02,6.030000000000000000e+03,3.000000000000000000e+00,3.112000000000000000e+03,2.000000000000000000e+00,8.800000000000000000e+01,3.400000000000000000e+01,1.000000000000000000e+00,0.000000000000000000e+00,0.000000000000000000e+00,0.000000000000000000e+00,2.229600000000000000e+04,6.000000000000000000e+00,8.000000000000000000e+00,9.000000000000000000e+00,2.487000000000000000e+03,0.000000000000000000e+00,4.000000000000000000e+00,5.000000000000000000e+00,1.205500000000000000e+04,7.400000000000000000e+01,2.100000000000000000e+01,0.000000000000000000e+00,4.000000000000000000e+00,5.000000000000000000e+00,2.800000000000000000e+01,2.000000000000000000e+00,1.850000000000000000e+02,2.000000000000000000e+00,5.700000000000000000e+01,9.000000000000000000e+00,9.200000000000000000e+01,2.200000000000000000e+01,0.000000000000000000e+00,1.900000000000000000e+01,0.000000000000000000e+00,1.100000000000000000e+01,4.000000000000000000e+00,3.700000000000000000e+01,1.000000000000000000e+00,0.000000000000000000e+00,0.000000000000000000e+00,1.000000000000000000e+00,2.000000000000000000e+00,1.700000000000000000e+02,0.000000000000000000e+00,2.200000000000000000e+01,6.100000000000000000e+01,4.400000000000000000e+01,1.040000000000000000e+02,1.220000000000000000e+02,0.000000000000000000e+00,6.000000000000000000e+01,0.000000000000000000e+00,1.100000000000000000e+01,5.000000000000000000e+00,2.000000000000000000e+00,0.000000000000000000e+00,0.000000000000000000e+00,0.000000000000000000e+00,3.640000000000000000e+02,4.000000000000000000e+00,2.000000000000000000e+00,2.000000000000000000e+00,1.060000000000000000e+02,0.000000000000000000e+00,0.000000000000000000e+00,1.000000000000000000e+00,1.050000000000000000e+02,1.700000000000000000e+01,3.000000000000000000e+00,0.000000000000000000e+00,1.000000000000000000e+00,3.000000000000000000e+00,9.000000000000000000e+00,6.000000000000000000e+00
1.000000000000000000e+00,0.000000000000000000e+00,0.000000000000000000e+00,2.000000000000000000e+00,0.000000000000000000e+00,1.618000000000000000e+03,1.000000000000000000e+00,1.420000000000000000e+02,2.000000000000000000e+01,5.000000000000000000e+00,1.200000000000000000e+01,2.300000000000000000e+01,6.000000000000000000e+00,9.400000000000000000e+01,7.220000000000000000e+02,1.000000000000000000e+00,0.000000000000000000e+00,0.000000000000000000e+00,0.000000000000000000e+00,2.000000000000000000e+00,0.000000000000000000e+00,2.000000000000000000e+00,2.000000000000000000e+00,1.100000000000000000e+01,3.000000000000000000e+00,5.000000000000000000e+00,6.000000000000000000e+00,8.000000000000000000e+00,5.730000000000000000e+02,0.000000000000000000e+00,1.000000000000000000e+00,4.420000000000000000e+02,1.000000000000000000e+00,2.760000000000000000e+02,1.000000000000000000e+00,2.400000000000000000e+01,2.000000000000000000e+00,8.200000000000000000e+01,3.000000000000000000e+01,4.121000000000000000e+03,1.393000000000000000e+03,2.000000000000000000e+00,1.000000000000000000e+00,0.000000000000000000e+00,2.000000000000000000e+00,0.000000000000000000e+00,1.000000000000000000e+00,0.000000000000000000e+00,0.000000000000000000e+00,0.000000000000000000e+00,0.000000000000000000e+00,0.000000000000000000e+00,2.000000000000000000e+00,0.000000000000000000e+00,1.000000000000000000e+00,3.000000000000000000e+00,0.000000000000000000e+00,0.000000000000000000e+00,3.000000000000000000e+00,0.000000000000000000e+00,1.000000000000000000e+00,0.000000000000000000e+00,0.000000000000000000e+00,0.000000000000000000e+00,0.000000000000000000e+00,0.000000000000000000e+00,0.000000000000000000e+00,1.000000000000000000e+00,0.000000000000000000e+00,0.000000000000000000e+00,0.000000000000000000e+00,0.000000000000000000e+00,0.000000000000000000e+00,0.000000000000000000e+00,1.000000000000000000e+00,1.000000000000000000e+00,0.000000000000000000e+00,1.000000000000000000e+00,0.000000000000000000e+00,0.000000000000000000e+00,0.000000000000000000e+00,1.000000000000000000e+00,0.000000000000000000e+00,1.000000000000000000e+00
6.900000000000000000e+01,6.000000000000000000e+00,1.200000000000000000e+01,5.220000000000000000e+02,1.618000000000000000e+03,0.000000000000000000e+00,1.072000000000000000e+03,9.200000000000000000e+03,3.720000000000000000e+02,1.302800000000000000e+04,4.100000000000000000e+01,4.056000000000000000e+03,1.900000000000000000e+01,1.353000000000000000e+03,5.957000000000000000e+03,8.000000000000000000e+00,2.000000000000000000e+00,1.000000000000000000e+00,5.000000000000000000e+00,7.730000000000000000e+02,1.900000000000000000e+01,1.100000000000000000e+01,2.300000000000000000e+01,3.920000000000000000e+02,7.000000000000000000e+00,1.900000000000000000e+01,2.900000000000000000e+01,1.003000000000000000e+03,6.420000000000000000e+02,4.400000000000000000e+01,2.000000000000000000e+00,1.277000000000000000e+03,1.100000000000000000e+01,1.020000000000000000e+02,4.100000000000000000e+01,3.190000000000000000e+02,1.900000000000000000e+01,2.880000000000000000e+02,1.460000000000000000e+02,7.466000000000000000e+03,9.230000000000000000e+02,5.000000000000000000e+00,4.100000000000000000e+01,0.000000000000000000e+00,1.300000000000000000e+01,2.000000000000000000e+00,4.500000000000000000e+01,1.000000000000000000e+00,0.000000000000000000e+00,6.000000000000000000e+00,0.000000000000000000e+00,3.000000000000000000e+00,2.600000000000000000e+01,0.000000000000000000e+00,2.700000000000000000e+01,3.700000000000000000e+01,2.900000000000000000e+01,6.100000000000000000e+01,9.100000000000000000e+01,0.000000000000000000e+00,4.100000000000000000e+01,0.000000000000000000e+00,2.400000000000000000e+01,5.000000000000000000e+00,1.100000000000000000e+01,0.000000000000000000e+00,0.000000000000000000e+00,0.000000000000000000e+00,3.800000000000000000e+01,4.000000000000000000e+00,3.000000000000000000e+00,3.000000000000000000e+00,9.900000000000000000e+01,0.000000000000000000e+00,2.000000000000000000e+00,5.000000000000000000e+00,9.400000000000000000e+01,2.300000000000000000e+01,1.000000000000000000e+01,1.000000000000000000e+00,1.000000000000000000e+00,3.000000000000000000e+00,9.000000000000000000e+00,1.600000000000000000e+01
1.852000000000000000e+03,5.400000000000000000e+01,3.510000000000000000e+02,6.440000000000000000e+02,1.000000000000000000e+00,1.072000000000000000e+03,0.000000000000000000e+00,2.106000000000000000e+03,8.800000000000000000e+02,1.056000000000000000e+04,8.000000000000000000e+00,1.850000000000000000e+02,2.000000000000000000e+00,3.265000000000000000e+03,1.800000000000000000e+01,6.500000000000000000e+01,6.100000000000000000e+01,2.000000000000000000e+00,6.000000000000000000e+00,5.660000000000000000e+02,7.860000000000000000e+02,1.350000000000000000e+02,9.090000000000000000e+02,3.058000000000000000e+03,8.000000000000000000e+00,6.000000000000000000e+01,2.500000000000000000e+02,1.351600000000000000e+04,1.230000000000000000e+03,9.566000000000000000e+03,0.000000000000000000e+00,1.300000000000000000e+01,1.100000000000000000e+02,3.020000000000000000e+02,3.900000000000000000e+01,1.254000000000000000e+03,1.000000000000000000e+02,2.540000000000000000e+02,4.900000000000000000e+01,2.130000000000000000e+02,3.700000000000000000e+01,2.000000000000000000e+00,1.200000000000000000e+02,1.400000000000000000e+01,9.300000000000000000e+01,1.800000000000000000e+01,9.100000000000000000e+01,7.000000000000000000e+00,1.000000000000000000e+00,5.000000000000000000e+01,7.000000000000000000e+00,2.800000000000000000e+01,4.800000000000000000e+01,1.000000000000000000e+00,8.200000000000000000e+01,2.320000000000000000e+02,1.640000000000000000e+02,2.800000000000000000e+02,2.280000000000000000e+02,3.000000000000000000e+00,7.600000000000000000e+01,1.000000000000000000e+00,1.290000000000000000e+02,6.000000000000000000e+00,5.600000000000000000e+01,1.000000000000000000e+01,0.000000000000000000e+00,1.000000000000000000e+00,4.800000000000000000e+01,4.800000000000000000e+01,4.100000000000000000e+01,8.000000000000000000e+01,5.090000000000000000e+02,0.000000000000000000e+00,1.000000000000000000e+01,7.400000000000000000e+01,4.780000000000000000e+02,1.380000000000000000e+02,8.300000000000000000e+01,0.000000000000000000e+00,6.000000000000000000e+00,2.200000000000000000e+01,5.800000000000000000e+01,3.500000000000000000e+01
1.499000000000000000e+03,2.100000000000000000e+01,1.350000000000000000e+02,1.410000000000000000e+02,1.420000000000000000e+02,9.200000000000000000e+03,2.106000000000000000e+03,0.000000000000000000e+00,2.660000000000000000e+02,2.797000000000000000e+03,1.480000000000000000e+02,7.360000000000000000e+02,2.900000000000000000e+01,1.348400000000000000e+04,4.390000000000000000e+02,2.100000000000000000e+01,7.000000000000000000e+01,7.000000000000000000e+00,3.700000000000000000e+01,2.020000000000000000e+02,2.570000000000000000e+02,8.100000000000000000e+01,3.440000000000000000e+02,8.040000000000000000e+02,3.300000000000000000e+01,9.000000000000000000e+01,1.550000000000000000e+02,1.016000000000000000e+03,1.395000000000000000e+03,7.000000000000000000e+02,3.000000000000000000e+00,7.830000000000000000e+02,3.200000000000000000e+01,3.240000000000000000e+02,3.300000000000000000e+01,5.420000000000000000e+02,8.400000000000000000e+01,5.780000000000000000e+02,2.160000000000000000e+02,2.188000000000000000e+03,4.110000000000000000e+02,1.500000000000000000e+01,6.600000000000000000e+01,7.000000000000000000e+00,3.900000000000000000e+01,6.000000000000000000e+00,4.300000000000000000e+01,3.000000000000000000e+00,2.000000000000000000e+00,2.400000000000000000e+01,4.000000000000000000e+00,1.100000000000000000e+01,2.000000000000000000e+01,0.000000000000000000e+00,2.700000000000000000e+01,1.030000000000000000e+02,6.800000000000000000e+01,1.140000000000000000e+02,7.500000000000000000e+01,1.000000000000000000e+00,3.600000000000000000e+01,0.000000000000000000e+00,7.600000000000000000e+01,5.000000000000000000e+00,3.300000000000000000e+01,5.000000000000000000e+00,0.000000000000000000e+00,4.000000000000000000e+00,1.700000000000000000e+01,2.000000000000000000e+01,1.700000000000000000e+01,3.300000000000000000e+01,2.220000000000000000e+02,3.000000000000000000e+00,8.000000000000000000e+00,4.100000000000000000e+01,2.560000000000000000e+02,7.700000000000000000e+01,4.600000000000000000e+01,1.000000000000000000e+00,1.000000000000000000e+00,6.000000000000000000e+00,1.700000000000000000e+01,1.700000000000000000e+01
6.300000000000000000e+01,2.860000000000000000e+02,2.700000000000000000e+01,4.470000000000000000e+02,2.000000000000000000e+01,3.720000000000000000e+02,8.800000000000000000e+02,2.660000000000000000e+02,0.000000000000000000e+00,6.350000000000000000e+02,2.000000000000000000e+00,1.426000000000000000e+03,0.000000000000000000e+00,2.410000000000000000e+02,8.820000000000000000e+02,3.900000000000000000e+01,1.000000000000000000e+01,1.000000000000000000e+00,1.000000000000000000e+00,5.140000000000000000e+02,3.100000000000000000e+01,2.552000000000000000e+03,6.700000000000000000e+01,8.343000000000000000e+03,5.100000000000000000e+01,2.500000000000000000e+01,2.060000000000000000e+02,8.500000000000000000e+02,2.170000000000000000e+02,2.670000000000000000e+02,0.000000000000000000e+00,9.000000000000000000e+00,4.400000000000000000e+01,7.200000000000000000e+01,1.700000000000000000e+01,7.590000000000000000e+02,2.600000000000000000e+01,8.300000000000000000e+01,2.600000000000000000e+01,2.985000000000000000e+03,1.100000000000000000e+01,1.000000000000000000e+00,9.700000000000000000e+01,1.200000000000000000e+01,5.500000000000000000e+01,9.000000000000000000e+00,1.210000000000000000e+02,4.000000000000000000e+00,0.000000000000000000e+00,3.200000000000000000e+01,3.000000000000000000e+00,9.000000000000000000e+00,1.370000000000000000e+02,0.000000000000000000e+00,7.600000000000000000e+01,1.880000000000000000e+02,1.210000000000000000e+02,8.450000000000000000e+02,3.630000000000000000e+02,1.000000000000000000e+00,1.730000000000000000e+02,0.000000000000000000e+00,1.070000000000000000e+02,3.700000000000000000e+01,6.500000000000000000e+01,2.000000000000000000e+00,0.000000000000000000e+00,0.000000000000000000e+00,1.210000000000000000e+02,3.900000000000000000e+01,9.500000000000000000e+01,4.400000000000000000e+01,5.570000000000000000e+02,1.000000000000000000e+00,4.000000000000000000e+00,2.000000000000000000e+01,4.720000000000000000e+02,1.170000000000000000e+02,5.900000000000000000e+01,0.000000000000000000e+00,2.000000000000000000e+00,1.500000000000000000e+01,4.400000000000000000e+01,8.000000000000000000e+00
3.620000000000000000e+02,7.000000000000000000e+00,2.700000000000000000e+01,6.030000000000000000e+03,5.000000000000000000e+00,1.302800000000000000e+04,1.056000000000000000e+04,2.797000000000000000e+03,6.350000000000000000e+02,0.000000000000000000e+00,1.400000000000000000e+01,7.539000000000000000e+03,8.000000000000000000e+00,1.608000000000000000e+03,1.470000000000000000e+02,1.000000000000000000e+01,9.000000000000000000e+00,3.000000000000000000e+00,5.000000000000000000e+00,1.739500000000000000e+04,7.400000000000000000e+01,2.500000000000000000e+01,6.400000000000000000e+01,1.087000000000000000e+03,3.000000000000000000e+00,6.000000000000000000e+00,3.100000000000000000e+01,6.812000000000000000e+03,5.040000000000000000e+02,1.390000000000000000e+02,0.000000000000000000e+00,3.300000000000000000e+01,4.600000000000000000e+01,1.350000000000000000e+02,4.500000000000000000e+01,7.440000000000000000e+02,3.100000000000000000e+01,2.250000000000000000e+02,4.500000000000000000e+01,5.510000000000000000e+02,8.800000000000000000e+01,3.000000000000000000e+00,6.500000000000000000e+01,2.000000000000000000e+00,2.800000000000000000e+01,1.000000000000000000e+00,1.320000000000000000e+02,1.000000000000000000e+00,0.000000000000000000e+00,1.100000000000000000e+01,2.000000000000000000e+00,3.000000000000000000e+00,1.190000000000000000e+02,1.000000000000000000e+00,8.600000000000000000e+01,1.930000000000000000e+02,1.260000000000000000e+02,3.020000000000000000e+02,3.380000000000000000e+02,0.000000000000000000e+00,1.580000000000000000e+02,1.000000000000000000e+00,7.900000000000000000e+01,1.600000000000000000e+01,9.000000000000000000e+00,1.000000000000000000e+00,0.000000000000000000e+00,1.000000000000000000e+00,1.240000000000000000e+02,1.100000000000000000e+01,7.000000000000000000e+00,1.200000000000000000e+01,3.490000000000000000e+02,1.000000000000000000e+00,0.000000000000000000e+00,1.200000000000000000e+01,3.300000000000000000e+02,5.500000000000000000e+01,2.000000000000000000e+01,0.000000000000000000e+00,3.000000000000000000e+00,5.000000000000000000e+00,1.500000000000000000e+01,1.700000000000000000e+01
2.700000000000000000e+01,2.300000000000000000e+01,2.000000000000000000e+01,3.000000000000000000e+00,1.200000000000000000e+01,4.100000000000000000e+01,8.000000000000000000e+00,1.480000000000000000e+02,2.000000000000000000e+00,1.400000000000000000e+01,0.000000000000000000e+00,6.000000000000000000e+00,9.590000000000000000e+03,1.080000000000000000e+02,3.000000000000000000e+00,3.000000000000000000e+00,4.200000000000000000e+02,4.545000000000000000e+03,4.952000000000000000e+03,3.000000000000000000e+00,9.000000000000000000e+00,3.000000000000000000e+00,4.000000000000000000e+01,1.000000000000000000e+01,1.576000000000000000e+03,8.727000000000000000e+03,1.092000000000000000e+03,8.000000000000000000e+00,2.200000000000000000e+02,1.800000000000000000e+01,8.480000000000000000e+02,2.080000000000000000e+02,2.000000000000000000e+00,3.220000000000000000e+03,0.000000000000000000e+00,1.370000000000000000e+02,2.082000000000000000e+03,5.148000000000000000e+03,7.910000000000000000e+02,2.100000000000000000e+01,5.100000000000000000e+01,1.536000000000000000e+03,9.000000000000000000e+00,8.200000000000000000e+01,6.100000000000000000e+01,2.000000000000000000e+00,1.000000000000000000e+00,0.000000000000000000e+00,4.100000000000000000e+01,0.000000000000000000e+00,1.600000000000000000e+01,2.000000000000000000e+00,0.000000000000000000e+00,0.000000000000000000e+00,0.000000000000000000e+00,0.000000000000000000e+00,1.000000000000000000e+00,3.000000000000000000e+00,1.000000000000000000e+00,5.000000000000000000e+01,0.000000000000000000e+00,5.800000000000000000e+01,2.000000000000000000e+00,0.000000000000000000e+00,0.000000000000000000e+00,6.000000000000000000e+00,1.500000000000000000e+01,1.700000000000000000e+01,0.000000000000000000e+00,1.000000000000000000e+00,3.000000000000000000e+00,6.000000000000000000e+00,2.000000000000000000e+00,1.150000000000000000e+02,1.600000000000000000e+02,1.140000000000000000e+02,1.000000000000000000e+00,5.000000000000000000e+00,2.000000000000000000e+00,2.000000000000000000e+01,1.000000000000000000e+00,0.000000000000000000e+00,1.500000000000000000e+01,1.000000000000000000e+00
2.000000000000000000e+01,3.000000000000000000e+00,3.000000000000000000e+00,3.112000000000000000e+03,2.300000000000000000e+01,4.056000000000000000e+03,1.850000000000000000e+02,7.360000000000000000e+02,1.426000000000000000e+03,7.539000000000000000e+03,6.000000000000000000e+00,0.000000000000000000e+00,3.000000000000000000e+00,2.340000000000000000e+02,1.783000000000000000e+03,2.000000000000000000e+00,1.000000000000000000e+00,0.000000000000000000e+00,3.000000000000000000e+00,1.773400000000000000e+04,6.000000000000000000e+00,1.000000000000000000e+01,3.000000000000000000e+00,4.400000000000000000e+02,4.000000000000000000e+00,3.000000000000000000e+00,3.000000000000000000e+00,1.269000000000000000e+03,1.750000000000000000e+02,8.000000000000000000e+00,0.000000000000000000e+00,1.500000000000000000e+01,8.000000000000000000e+00,6.000000000000000000e+01,8.000000000000000000e+00,3.270000000000000000e+02,9.000000000000000000e+00,1.490000000000000000e+02,4.500000000000000000e+01,2.540000000000000000e+03,8.400000000000000000e+01,1.000000000000000000e+00,4.300000000000000000e+01,1.000000000000000000e+00,8.000000000000000000e+00,2.000000000000000000e+00,1.230000000000000000e+02,0.000000000000000000e+00,1.000000000000000000e+00,4.000000000000000000e+00,1.000000000000000000e+00,0.000000000000000000e+00,9.200000000000000000e+01,0.000000000000000000e+00,6.100000000000000000e+01,6.300000000000000000e+01,4.300000000000000000e+01,1.800000000000000000e+02,2.090000000000000000e+02,0.000000000000000000e+00,1.290000000000000000e+02,0.000000000000000000e+00,1.200000000000000000e+01,2.300000000000000000e+01,8.000000000000000000e+00,0.000000000000000000e+00,0.000000000000000000e+00,0.000000000000000000e+00,8.000000000000000000e+01,3.000000000000000000e+00,1.000000000000000000e+00,1.000000000000000000e+00,1.370000000000000000e+02,0.000000000000000000e+00,1.000000000000000000e+00,2.000000000000000000e+00,1.250000000000000000e+02,2.300000000000000000e+01,1.000000000000000000e+00,0.000000000000000000e+00,0.000000000000000000e+00,1.000000000000000000e+00,4.000000000000000000e+00,6.000000000000000000e+00
0.000000000000000000e+00,6.000000000000000000e+00,6.000000000000000000e+00,2.000000000000000000e+00,6.000000000000000000e+00,1.900000000000000000e+01,2.000000000000000000e+00,2.900000000000000000e+01,0.000000000000000000e+00,8.000000000000000000e+00,9.590000000000000000e+03,3.000000000000000000e+00,0.000000000000000000e+00,1.500000000000000000e+01,2.000000000000000000e+00,4.000000000000000000e+00,1.600000000000000000e+01,1.660000000000000000e+02,1.170000000000000000e+02,0.000000000000000000e+00,7.000000000000000000e+00,3.000000000000000000e+00,9.000000000000000000e+00,7.000000000000000000e+00,2.301000000000000000e+03,1.719000000000000000e+03,4.321000000000000000e+03,6.000000000000000000e+00,2.900000000000000000e+01,4.000000000000000000e+00,5.673000000000000000e+03,1.800000000000000000e+01,4.000000000000000000e+00,1.840000000000000000e+02,2.700000000000000000e+01,1.351000000000000000e+03,1.506000000000000000e+03,1.441000000000000000e+03,1.785000000000000000e+03,5.100000000000000000e+01,1.260000000000000000e+02,2.175000000000000000e+03,8.000000000000000000e+01,5.400000000000000000e+01,3.200000000000000000e+01,1.500000000000000000e+01,4.000000000000000000e+00,1.000000000000000000e+00,3.200000000000000000e+01,0.000000000000000000e+00,5.000000000000000000e+00,2.000000000000000000e+00,0.000000000000000000e+00,0.000000000000000000e+00,1.000000000000000000e+00,1.000000000000000000e+00,1.000000000000000000e+00,0.000000000000000000e+00,2.000000000000000000e+00,3.400000000000000000e+01,1.000000000000000000e+00,4.100000000000000000e+01,2.000000000000000000e+00,0.000000000000000000e+00,3.000000000000000000e+00,1.000000000000000000e+00,1.300000000000000000e+01,8.000000000000000000e+00,0.000000000000000000e+00,1.000000000000000000e+00,1.000000000000000000e+00,3.000000000000000000e+00,3.000000000000000000e+00,9.900000000000000000e+01,1.060000000000000000e+02,4.300000000000000000e+01,0.000000000000000000e+00,3.000000000000000000e+00,1.000000000000000000e+00,1.900000000000000000e+01,0.000000000000000000e+00,0.000000000000000000e+00,2.000000000000000000e+00,2.200000000000000000e+01
4.232000000000000000e+03,1.600000000000000000e+01,1.460000000000000000e+02,8.800000000000000000e+01,9.400000000000000000e+01,1.353000000000000000e+03,3.265000000000000000e+03,1.348400000000000000e+04,2.410000000000000000e+02,1.608000000000000000e+03,1.080000000000000000e+02,2.340000000000000000e+02,1.500000000000000000e+01,0.000000000000000000e+00,5.300000000000000000e+01,2.100000000000000000e+01,5.700000000000000000e+01,5.000000000000000000e+00,2.500000000000000000e+01,1.120000000000000000e+02,2.290000000000000000e+02,7.900000000000000000e+01,3.870000000000000000e+02,6.160000000000000000e+02,2.700000000000000000e+01,8.500000000000000000e+01,1.140000000000000000e+02,8.130000000000000000e+02,6.002000000000000000e+03,9.690000000000000000e+02,2.000000000000000000e+00,1.419000000000000000e+03,8.000000000000000000e+01,5.940000000000000000e+02,1.800000000000000000e+01,5.400000000000000000e+02,7.800000000000000000e+01,7.790000000000000000e+02,1.430000000000000000e+02,4.370000000000000000e+02,2.820000000000000000e+02,1.300000000000000000e+01,4.400000000000000000e+01,6.000000000000000000e+00,2.300000000000000000e+01,7.000000000000000000e+00,1.900000000000000000e+01,2.000000000000000000e+00,0.000000000000000000e+00,2.200000000000000000e+01,5.000000000000000000e+00,1.400000000000000000e+01,1.100000000000000000e+01,0.000000000000000000e+00,8.000000000000000000e+00,4.000000000000000000e+01,4.500000000000000000e+01,5.200000000000000000e+01,3.300000000000000000e+01,0.000000000000000000e+00,8.000000000000000000e+00,1.000000000000000000e+00,4.100000000000000000e+01,2.000000000000000000e+00,2.800000000000000000e+01,9.000000000000000000e+00,0.000000000000000000e+00,1.000000000000000000e+00,7.000000000000000000e+00,1.200000000000000000e+01,1.400000000000000000e+01,2.500000000000000000e+01,1.440000000000000000e+02,0.000000000000000000e+00,1.000000000000000000e+01,3.500000000000000000e+01,1.540000000000000000e+02,4.400000000000000000e+01,2.900000000000000000e+01,0.000000000000000000e+00,1.000000000000000000e+00,1.200000000000000000e+01,2.200000000000000000e+01,1.700000000000000000e+01
4.000000000000000000e+00,1.100000000000000000e+01,0.000000000000000000e+00,3.400000000000000000e+01,7.220000000000000000e+02,5.957000000000000000e+03,1.800000000000000000e+01,4.390000000000000000e+02,8.820000000000000000e+02,1.470000000000000000e+02,3.000000000000000000e+00,1.783000000000000000e+03,2.000000000000000000e+00,5.300000000000000000e+01,0.000000000000000000e+00,0.000000000000000000e+00,1.000000000000000000e+00,0.000000000000000000e+00,1.000000000000000000e+00,8.300000000000000000e+01,1.000000000000000000e+00,4.200000000000000000e+01,3.000000000000000000e+00,1.680000000000000000e+02,2.000000000000000000e+00,1.000000000000000000e+00,9.000000000000000000e+00,4.100000000000000000e+01,3.100000000000000000e+01,3.000000000000000000e+00,0.000000000000000000e+00,4.700000000000000000e+01,2.000000000000000000e+00,9.000000000000000000e+00,0.000000000000000000e+00,1.420000000000000000e+02,2.000000000000000000e+00,2.700000000000000000e+01,1.700000000000000000e+01,1.473300000000000000e+04,1.010000000000000000e+02,0.000000000000000000e+00,1.200000000000000000e+01,1.000000000000000000e+00,4.000000000000000000e+00,0.000000000000000000e+00,5.400000000000000000e+01,0.000000000000000000e+00,1.000000000000000000e+00,2.000000000000000000e+00,1.000000000000000000e+00,1.000000000000000000e+00,2.000000000000000000e+01,0.000000000000000000e+00,1.600000000000000000e+01,1.300000000000000000e+01,1.100000000000000000e+01,2.300000000000000000e+01,5.300000000000000000e+01,0.000000000000000000e+00,5.700000000000000000e+01,0.000000000000000000e+00,6.000000000000000000e+00,7.000000000000000000e+00,6.000000000000000000e+00,0.000000000000000000e+00,0.000000000000000000e+00,0.000000000000000000e+00,2.000000000000000000e+01,8.000000000000000000e+00,2.000000000000000000e+00,2.000000000000000000e+00,3.100000000000000000e+01,0.000000000000000000e+00,1.000000000000000000e+00,1.000000000000000000e+00,5.300000000000000000e+01,4.000000000000000000e+00,7.000000000000000000e+00,0.000000000000000000e+00,0.000000000000000000e+00,0.000000000000000000e+00,1.000000000000000000e+00,0.000000000000000000e+00
1.400000000000000000e+01,2.800000000000000000e+02,5.900000000000000000e+01,1.000000000000000000e+00,1.000000000000000000e+00,8.000000000000000000e+00,6.500000000000000000e+01,2.100000000000000000e+01,3.900000000000000000e+01,1.000000000000000000e+01,3.000000000000000000e+00,2.000000000000000000e+00,4.000000000000000000e+00,2.100000000000000000e+01,0.000000000000000000e+00,0.000000000000000000e+00,5.200000000000000000e+01,2.000000000000000000e+00,1.300000000000000000e+01,1.000000000000000000e+00,4.724000000000000000e+03,3.023000000000000000e+03,8.370000000000000000e+03,1.334000000000000000e+03,3.800000000000000000e+01,4.600000000000000000e+01,6.591000000000000000e+03,1.599000000000000000e+03,1.080000000000000000e+02,3.150000000000000000e+02,0.000000000000000000e+00,0.000000000000000000e+00,4.500000000000000000e+01,4.190000000000000000e+02,2.800000000000000000e+01,2.496000000000000000e+03,3.830000000000000000e+02,3.420000000000000000e+02,1.010000000000000000e+02,3.900000000000000000e+01,1.800000000000000000e+01,4.000000000000000000e+00,2.360000000000000000e+02,6.000000000000000000e+01,1.160000000000000000e+02,4.100000000000000000e+01,3.300000000000000000e+01,2.000000000000000000e+00,0.000000000000000000e+00,3.000000000000000000e+01,1.400000000000000000e+01,4.500000000000000000e+01,0.000000000000000000e+00,0.000000000000000000e+00,3.000000000000000000e+00,2.900000000000000000e+01,1.500000000000000000e+01,1.500000000000000000e+01,5.000000000000000000e+00,2.000000000000000000e+00,2.000000000000000000e+00,0.000000000000000000e+00,2.700000000000000000e+01,0.000000000000000000e+00,7.300000000000000000e+02,2.800000000000000000e+01,0.000000000000000000e+00,8.000000000000000000e+00,3.000000000000000000e+00,2.720000000000000000e+02,4.280000000000000000e+02,7.700000000000000000e+02,8.800000000000000000e+01,3.000000000000000000e+00,2.500000000000000000e+01,3.670000000000000000e+02,1.320000000000000000e+02,6.800000000000000000e+01,1.580000000000000000e+02,1.000000000000000000e+00,0.000000000000000000e+00,1.900000000000000000e+01,1.170000000000000000e+02,5.100000000000000000e+01
6.200000000000000000e+01,4.360000000000000000e+02,1.869000000000000000e+03,0.000000000000000000e+00,0.000000000000000000e+00,2.000000000000000000e+00,6.100000000000000000e+01,7.000000000000000000e+01,1.000000000000000000e+01,9.000000000000000000e+00,4.200000000000000000e+02,1.000000000000000000e+00,1.600000000000000000e+01,5.700000000000000000e+01,1.000000000000000000e+00,5.200000000000000000e+01,0.000000000000000000e+00,2.480000000000000000e+02,5.614000000000000000e+03,2.000000000000000000e+00,6.260000000000000000e+02,4.900000000000000000e+01,4.990000000000000000e+03,3.600000000000000000e+01,1.070000000000000000e+02,4.471000000000000000e+03,2.848000000000000000e+03,6.700000000000000000e+01,1.950000000000000000e+02,5.150000000000000000e+02,1.100000000000000000e+01,1.100000000000000000e+01,2.700000000000000000e+01,9.150000000000000000e+02,7.000000000000000000e+00,7.950000000000000000e+02,5.150000000000000000e+02,6.180000000000000000e+02,1.800000000000000000e+02,1.200000000000000000e+01,6.000000000000000000e+00,2.000000000000000000e+00,1.020000000000000000e+02,4.600000000000000000e+01,8.500000000000000000e+01,1.900000000000000000e+01,3.000000000000000000e+00,3.000000000000000000e+00,1.000000000000000000e+00,1.000000000000000000e+00,1.170000000000000000e+02,1.710000000000000000e+02,0.000000000000000000e+00,0.000000000000000000e+00,0.000000000000000000e+00,1.200000000000000000e+01,2.000000000000000000e+00,0.000000000000000000e+00,1.000000000000000000e+00,9.000000000000000000e+00,0.000000000000000000e+00,1.000000000000000000e+00,7.000000000000000000e+00,0.000000000000000000e+00,2.000000000000000000e+01,1.650000000000000000e+02,8.000000000000000000e+00,4.900000000000000000e+01,0.000000000000000000e+00,1.100000000000000000e+01,1.100000000000000000e+01,1.270000000000000000e+02,1.000000000000000000e+00,1.600000000000000000e+01,2.560000000000000000e+02,7.900000000000000000e+02,5.000000000000000000e+00,7.000000000000000000e+00,8.000000000000000000e+00,0.000000000000000000e+00,0.000000000000000000e+00,2.000000000000000000e+00,5.300000000000000000e+01,5.000000000000000000e+00
4.000000000000000000e+00,1.600000000000000000e+01,5.000000000000000000e+00,0.000000000000000000e+00,0.000000000000000000e+00,1.000000000000000000e+00,2.000000000000000000e+00,7.000000000000000000e+00,1.000000000000000000e+00,3.000000000000000000e+00,4.545000000000000000e+03,0.000000000000000000e+00,1.660000000000000000e+02,5.000000000000000000e+00,0.000000000000000000e+00,2.000000000000000000e+00,2.480000000000000000e+02,0.000000000000000000e+00,4.961000000000000000e+03,0.000000000000000000e+00,7.000000000000000000e+00,2.000000000000000000e+00,1.500000000000000000e+01,2.000000000000000000e+00,1.440000000000000000e+02,3.848000000000000000e+03,3.660000000000000000e+02,1.000000000000000000e+00,1.100000000000000000e+01,9.000000000000000000e+00,6.600000000000000000e+01,9.000000000000000000e+00,0.000000000000000000e+00,2.170000000000000000e+02,1.000000000000000000e+00,7.100000000000000000e+01,3.170000000000000000e+02,2.370000000000000000e+02,5.300000000000000000e+01,2.000000000000000000e+00,3.000000000000000000e+00,4.100000000000000000e+01,4.000000000000000000e+00,1.300000000000000000e+01,7.000000000000000000e+00,0.000000000000000000e+00,0.000000000000000000e+00,0.000000000000000000e+00,4.000000000000000000e+00,0.000000000000000000e+00,2.100000000000000000e+01,4.000000000000000000e+00,0.000000000000000000e+00,0.000000000000000000e+00,0.000000000000000000e+00,0.000000000000000000e+00,0.000000000000000000e+00,0.000000000000000000e+00,0.000000000000000000e+00,6.000000000000000000e+00,0.000000000000000000e+00,3.000000000000000000e+00,0.000000000000000000e+00,0.000000000000000000e+00,0.000000000000000000e+00,3.000000000000000000e+00,1.000000000000000000e+00,7.000000000000000000e+00,0.000000000000000000e+00,0.000000000000000000e+00,0.000000000000000000e+00,3.000000000000000000e+00,1.000000000000000000e+00,3.500000000000000000e+01,5.300000000000000000e+01,3.900000000000000000e+01,0.000000000000000000e+00,1.000000000000000000e+00,0.000000000000000000e+00,3.000000000000000000e+00,0.000000000000000000e+00,0.000000000000000000e+00,4.000000000000000000e+00,1.000000000000000000e+00
4.000000000000000000e+00,1.240000000000000000e+02,1.300000000000000000e+02,0.000000000000000000e+00,0.000000000000000000e+00,5.000000000000000000e+00,6.000000000000000000e+00,3.700000000000000000e+01,1.000000000000000000e+00,5.000000000000000000e+00,4.952000000000000000e+03,3.000000000000000000e+00,1.170000000000000000e+02,2.500000000000000000e+01,1.000000000000000000e+00,1.300000000000000000e+01,5.614000000000000000e+03,4.961000000000000000e+03,0.000000000000000000e+00,1.000000000000000000e+00,4.300000000000000000e+01,5.000000000000000000e+00,1.770000000000000000e+02,6.000000000000000000e+00,2.960000000000000000e+02,3.678000000000000000e+03,1.455000000000000000e+03,1.000000000000000000e+01,5.400000000000000000e+01,6.600000000000000000e+01,6.800000000000000000e+01,2.000000000000000000e+01,7.000000000000000000e+00,1.093000000000000000e+03,2.000000000000000000e+00,2.930000000000000000e+02,6.080000000000000000e+02,6.040000000000000000e+02,1.210000000000000000e+02,4.000000000000000000e+00,3.000000000000000000e+00,4.200000000000000000e+01,1.700000000000000000e+01,2.200000000000000000e+01,2.700000000000000000e+01,1.300000000000000000e+01,1.000000000000000000e+00,0.000000000000000000e+00,1.000000000000000000e+00,1.000000000000000000e+00,8.600000000000000000e+01,2.200000000000000000e+01,0.000000000000000000e+00,0.000000000000000000e+00,1.000000000000000000e+00,1.000000000000000000e+00,1.000000000000000000e+00,1.000000000000000000e+00,0.000000000000000000e+00,3.000000000000000000e+00,0.000000000000000000e+00,1.000000000000000000e+00,2.000000000000000000e+00,0.000000000000000000e+00,2.000000000000000000e+00,3.600000000000000000e+01,7.000000000000000000e+00,2.600000000000000000e+01,0.000000000000000000e+00,2.000000000000000000e+00,3.000000000000000000e+00,1.400000000000000000e+01,1.000000000000000000e+00,5.500000000000000000e+01,2.130000000000000000e+02,2.610000000000000000e+02,3.000000000000000000e+00,0.000000000000000000e+00,7.000000000000000000e+00,1.000000000000000000e+00,0.000000000000000000e+00,0.000000000000000000e+00,2.700000000000000000e+01,2.000000000000000000e+00
