0.000000000000000000e+00,6.000000000000000000e+00,2.200000000000000000e+01,1.600000000000000000e+01,1.000000000000000000e+00,1.070000000000000000e+02,2.774000000000000000e+03,7.010000000000000000e+02,3.900000000000000000e+01,1.090000000000000000e+02,4.000000000000000000e+00,2.700000000000000000e+01,1.000000000000000000e+00,5.764000000000000000e+03,0.000000000000000000e+00,6.000000000000000000e+00,4.200000000000000000e+01,4.000000000000000000e+00,4.000000000000000000e+00,3.400000000000000000e+01,7.700000000000000000e+01,2.100000000000000000e+01,2.190000000000000000e+02,8.300000000000000000e+01,2.000000000000000000e+00,2.500000000000000000e+01,2.900000000000000000e+01,1.990000000000000000e+02,7.246000000000000000e+03,1.939000000000000000e+03,0.000000000000000000e+00,3.000000000000000000e+00,7.600000000000000000e+01,1.910000000000000000e+02,1.500000000000000000e+01,1.010000000000000000e+02,3.100000000000000000e+01,1.660000000000000000e+02,3.300000000000000000e+01,6.000000000000000000e+00,2.100000000000000000e+01,1.000000000000000000e+00,1.700000000000000000e+01,2.000000000000000000e+00,3.000000000000000000e+00,6.000000000000000000e+00,2.000000000000000000e+00,1.000000000000000000e+00,0.000000000000000000e+00,4.000000000000000000e+00,1.000000000000000000e+00,2.000000000000000000e+00,3.000000000000000000e+00,0.000000000000000000e+00,3.000000000000000000e+00,4.000000000000000000e+00,1.000000000000000000e+00,1.000000000000000000e+01,0.000000000000000000e+00,0.000000000000000000e+00,0.000000000000000000e+00,0.000000000000000000e+00,3.000000000000000000e+00,0.000000000000000000e+00,8.000000000000000000e+00,0.000000000000000000e+00,0.000000000000000000e+00,0.000000000000000000e+00,1.000000000000000000e+00,1.000000000000000000e+00,9.000000000000000000e+00,3.000000000000000000e+00,2.400000000000000000e+01,0.000000000000000000e+00,1.000000000000000000e+00,6.000000000000000000e+00,1.600000000000000000e+01,9.000000000000000000e+00,6.000000000000000000e+00,0.000000000000000000e+00,0.000000000000000000e+00,2.000000000000000000e+00,6.000000000000000000e+00,1.400000000000000000e+01
6.000000000000000000e+00,0.000000000000000000e+00,7.460000000000000000e+02,0.000000000000000000e+00,0.000000000000000000e+00,3.000000000000000000e+00,1.300000000000000000e+01,6.000000000000000000e+00,3.610000000000000000e+02,2.000000000000000000e+00,4.700000000000000000e+01,4.000000000000000000e+00,1.070000000000000000e+02,1.200000000000000000e+01,5.000000000000000000e+00,1.360000000000000000e+02,2.590000000000000000e+02,3.200000000000000000e+01,1.730000000000000000e+02,0.000000000000000000e+00,7.800000000000000000e+01,1.441000000000000000e+03,5.330000000000000000e+02,2.460000000000000000e+02,1.210000000000000000e+03,1.212000000000000000e+03,5.889000000000000000e+03,1.240000000000000000e+02,1.300000000000000000e+01,4.700000000000000000e+01,6.200000000000000000e+01,0.000000000000000000e+00,2.000000000000000000e+00,2.160000000000000000e+02,2.500000000000000000e+01,3.650000000000000000e+02,3.270000000000000000e+02,3.790000000000000000e+02,1.060000000000000000e+02,1.800000000000000000e+01,2.000000000000000000e+00,2.000000000000000000e+00,7.700000000000000000e+01,2.070000000000000000e+02,9.000000000000000000e+01,3.900000000000000000e+01,3.000000000000000000e+00,0.000000000000000000e+00,0.000000000000000000e+00,3.000000000000000000e+00,4.300000000000000000e+02,2.280000000000000000e+02,1.000000000000000000e+00,0.000000000000000000e+00,0.000000000000000000e+00,1.500000000000000000e+01,0.000000000000000000e+00,9.000000000000000000e+00,0.000000000000000000e+00,2.000000000000000000e+00,0.000000000000000000e+00,9.000000000000000000e+00,6.000000000000000000e+00,0.000000000000000000e+00,1.900000000000000000e+01,8.700000000000000000e+01,1.300000000000000000e+01,8.200000000000000000e+01,0.000000000000000000e+00,1.000000000000000000e+01,4.500000000000000000e+01,5.500000000000000000e+01,1.000000000000000000e+01,2.300000000000000000e+01,2.050000000000000000e+02,1.127000000000000000e+03,1.000000000000000000e+01,2.000000000000000000e+00,7.000000000000000000e+00,4.000000000000000000e+00,0.000000000000000000e+00,0.000000000000000000e+00,6.300000000000000000e+01,3.500000000000000000e+01
2.200000000000000000e+01,7.460000000000000000e+02,0.000000000000000000e+00,1.000000000000000000e+00,0.000000000000000000e+00,4.000000000000000000e+00,1.010000000000000000e+02,1.300000000000000000e+01,4.900000000000000000e+01,7.000000000000000000e+00,2.900000000000000000e+01,2.000000000000000000e+00,2.000000000000000000e+01,2.700000000000000000e+01,0.000000000000000000e+00,6.300000000000000000e+01,1.780000000000000000e+03,1.500000000000000000e+01,2.130000000000000000e+02,0.000000000000000000e+00,7.400000000000000000e+02,9.400000000000000000e+01,1.011200000000000000e+04,5.200000000000000000e+01,5.400000000000000000e+01,1.114000000000000000e+04,1.051900000000000000e+04,4.230000000000000000e+02,3.100000000000000000e+01,2.620000000000000000e+02,9.000000000000000000e+00,1.000000000000000000e+00,5.000000000000000000e+00,3.010000000000000000e+02,8.600000000000000000e+01,7.140000000000000000e+02,9.310000000000000000e+02,7.070000000000000000e+02,1.910000000000000000e+02,2.500000000000000000e+01,1.000000000000000000e+00,2.000000000000000000e+00,1.090000000000000000e+02,3.360000000000000000e+02,1.330000000000000000e+02,5.600000000000000000e+01,2.000000000000000000e+00,0.000000000000000000e+00,1.000000000000000000e+00,4.000000000000000000e+00,3.640000000000000000e+02,3.340000000000000000e+02,0.000000000000000000e+00,0.000000000000000000e+00,1.000000000000000000e+00,3.100000000000000000e+01,3.000000000000000000e+00,1.400000000000000000e+01,0.000000000000000000e+00,4.000000000000000000e+00,0.000000000000000000e+00,7.000000000000000000e+00,4.000000000000000000e+00,0.000000000000000000e+00,5.600000000000000000e+01,9.600000000000000000e+01,1.700000000000000000e+01,7.100000000000000000e+01,0.000000000000000000e+00,2.100000000000000000e+01,1.080000000000000000e+02,1.520000000000000000e+02,1.600000000000000000e+01,2.200000000000000000e+01,2.040000000000000000e+02,1.201000000000000000e+03,2.600000000000000000e+01,6.000000000000000000e+00,1.300000000000000000e+01,3.000000000000000000e+00,0.000000000000000000e+00,1.000000000000000000e+00,9.400000000000000000e+01,9.200000000000000000e+01
1.600000000000000000e+01,0.000000000000000000e+00,1.000000000000000000e+00,0.000000000000000000e+00,0.000000000000000000e+00,2.780000000000000000e+02,4.400000000000000000e+02,8.700000000000000000e+01,4.350000000000000000e+02,4.208000000000000000e+03,2.000000000000000000e+00,1.440000000000000000e+03,1.000000000000000000e+00,9.800000000000000000e+01,4.400000000000000000e+01,0.000000000000000000e+00,2.000000000000000000e+00,0.000000000000000000e+00,0.000000000000000000e+00,2.298300000000000000e+04,1.000000000000000000e+00,3.000000000000000000e+00,1.000000000000000000e+01,1.740000000000000000e+03,0.000000000000000000e+00,2.000000000000000000e+00,4.000000000000000000e+00,7.462000000000000000e+03,7.000000000000000000e+01,1.200000000000000000e+01,0.000000000000000000e+00,0.000000000000000000e+00,2.100000000000000000e+01,4.700000000000000000e+01,8.000000000000000000e+00,1.120000000000000000e+02,1.100000000000000000e+01,6.500000000000000000e+01,1.500000000000000000e+01,7.400000000000000000e+01,2.300000000000000000e+01,0.000000000000000000e+00,2.200000000000000000e+01,2.000000000000000000e+00,1.100000000000000000e+01,3.000000000000000000e+00,1.400000000000000000e+01,6.000000000000000000e+00,1.000000000000000000e+00,8.000000000000000000e+00,2.000000000000000000e+00,3.000000000000000000e+00,1.500000000000000000e+01,0.000000000000000000e+00,1.400000000000000000e+01,3.200000000000000000e+01,2.200000000000000000e+01,1.600000000000000000e+02,2.600000000000000000e+01,0.000000000000000000e+00,4.400000000000000000e+01,0.000000000000000000e+00,2.100000000000000000e+01,3.000000000000000000e+00,0.000000000000000000e+00,0.000000000000000000e+00,1.000000000000000000e+00,0.000000000000000000e+00,3.200000000000000000e+01,1.000000000000000000e+00,2.000000000000000000e+00,0.000000000000000000e+00,1.710000000000000000e+02,0.000000000000000000e+00,0.000000000000000000e+00,3.000000000000000000e+00,8.300000000000000000e+01,1.700000000000000000e+01,2.000000000000000000e+00,0.000000000000000000e+00,0.000000000000000000e+00,2.000000000000000000e+00,1.400000000000000000e+01,4.000000000000000000e+00
1.000000000000000000e+00,0.000000000000000000e+00,0.000000000000000000e+00,0.000000000000000000e+00,0.000000000000000000e+00,5.100000000000000000e+02,0.000000000000000000e+00,2.640000000000000000e+02,7.000000000000000000e+00,4.000000000000000000e+00,0.000000000000000000e+00,1.600000000000000000e+01,0.000000000000000000e+00,3.500000000000000000e+01,1.477000000000000000e+03,0.000000000000000000e+00,0.000000000000000000e+00,0.000000000000000000e+00,0.000000000000000000e+00,0.000000000000000000e+00,0.000000000000000000e+00,0.000000000000000000e+00,0.000000000000000000e+00,2.000000000000000000e+00,0.000000000000000000e+00,0.000000000000000000e+00,0.000000000000000000e+00,0.000000000000000000e+00,2.710000000000000000e+02,1.000000000000000000e+00,0.000000000000000000e+00,2.385000000000000000e+03,0.000000000000000000e+00,9.900000000000000000e+01,0.000000000000000000e+00,1.000000000000000000e+01,1.000000000000000000e+00,1.200000000000000000e+01,1.000000000000000000e+00,2.050000000000000000e+03,2.149000000000000000e+03,0.000000000000000000e+00,0.000000000000000000e+00,0.000000000000000000e+00,0.000000000000000000e+00,0.000000000000000000e+00,0.000000000000000000e+00,0.000000000000000000e+00,0.000000000000000000e+00,0.000000000000000000e+00,0.000000000000000000e+00,0.000000000000000000e+00,0.000000000000000000e+00,0.000000000000000000e+00,1.000000000000000000e+00,0.000000000000000000e+00,0.000000000000000000e+00,0.000000000000000000e+00,0.000000000000000000e+00,0.000000000000000000e+00,1.000000000000000000e+00,0.000000000000000000e+00,0.000000000000000000e+00,0.000000000000000000e+00,0.000000000000000000e+00,0.000000000000000000e+00,0.000000000000000000e+00,0.000000000000000000e+00,0.000000000000000000e+00,0.000000000000000000e+00,0.000000000000000000e+00,0.000000000000000000e+00,2.000000000000000000e+00,0.000000000000000000e+00,0.000000000000000000e+00,0.000000000000000000e+00,0.000000000000000000e+00,0.000000000000000000e+00,0.000000000000000000e+00,0.000000000000000000e+00,0.000000000000000000e+00,0.000000000000000000e+00,0.000000000000000000e+00,0.000000000000000000e+00
1.070000000000000000e+02,3.000000000000000000e+00,4.000000000000000000e+00,2.780000000000000000e+02,5.100000000000000000e+02,0.000000000000000000e+00,1.677000000000000000e+03,1.060500000000000000e+04,3.460000000000000000e+02,1.153300000000000000e+04,5.500000000000000000e+01,3.628000000000000000e+03,1.700000000000000000e+01,2.567000000000000000e+03,9.370000000000000000e+02,3.000000000000000000e+00,1.100000000000000000e+01,3.000000000000000000e+00,3.000000000000000000e+00,5.250000000000000000e+02,1.500000000000000000e+01,1.400000000000000000e+01,3.700000000000000000e+01,4.250000000000000000e+02,4.000000000000000000e+00,3.000000000000000000e+00,1.000000000000000000e+01,7.220000000000000000e+02,1.113000000000000000e+03,8.900000000000000000e+01,1.000000000000000000e+00,2.340000000000000000e+03,2.200000000000000000e+01,3.920000000000000000e+02,5.910000000000000000e+02,2.780000000000000000e+02,1.900000000000000000e+01,2.620000000000000000e+02,3.500000000000000000e+01,1.806000000000000000e+03,9.480000000000000000e+02,1.000000000000000000e+00,4.800000000000000000e+01,5.000000000000000000e+00,2.700000000000000000e+01,1.100000000000000000e+01,9.000000000000000000e+00,1.400000000000000000e+01,0.000000000000000000e+00,1.300000000000000000e+01,0.000000000000000000e+00,2.000000000000000000e+00,1.500000000000000000e+01,0.000000000000000000e+00,2.300000000000000000e+01,3.900000000000000000e+01,3.500000000000000000e+01,8.700000000000000000e+01,2.700000000000000000e+01,0.000000000000000000e+00,5.800000000000000000e+01,1.000000000000000000e+00,5.200000000000000000e+01,4.000000000000000000e+00,3.000000000000000000e+00,0.000000000000000000e+00,0.000000000000000000e+00,0.000000000000000000e+00,2.700000000000000000e+01,7.000000000000000000e+00,2.000000000000000000e+00,5.000000000000000000e+00,2.200000000000000000e+02,0.000000000000000000e+00,0.000000000000000000e+00,1.000000000000000000e+00,1.190000000000000000e+02,5.100000000000000000e+01,1.900000000000000000e+01,0.000000000000000000e+00,0.000000000000000000e+00,7.000000000000000000e+00,2.300000000000000000e+01,6.000000000000000000e+00
2.774000000000000000e+03,1.300000000000000000e+01,1.010000000000000000e+02,4.400000000000000000e+02,0.000000000000000000e+00,1.677000000000000000e+03,0.000000000000000000e+00,1.272000000000000000e+03,4.240000000000000000e+02,1.021900000000000000e+04,1.100000000000000000e+01,1.570000000000000000e+02,3.000000000000000000e+00,7.108000000000000000e+03,1.800000000000000000e+01,4.300000000000000000e+01,7.800000000000000000e+01,2.000000000000000000e+00,1.700000000000000000e+01,2.620000000000000000e+02,3.730000000000000000e+02,1.320000000000000000e+02,6.000000000000000000e+02,1.592000000000000000e+03,0.000000000000000000e+00,7.700000000000000000e+01,1.610000000000000000e+02,9.784000000000000000e+03,1.407000000000000000e+03,7.279000000000000000e+03,0.000000000000000000e+00,1.000000000000000000e+01,1.560000000000000000e+02,4.290000000000000000e+02,9.100000000000000000e+01,9.040000000000000000e+02,2.510000000000000000e+02,4.690000000000000000e+02,1.210000000000000000e+02,4.900000000000000000e+01,7.800000000000000000e+01,2.000000000000000000e+00,1.270000000000000000e+02,2.300000000000000000e+01,5.300000000000000000e+01,4.400000000000000000e+01,8.000000000000000000e+00,2.400000000000000000e+01,3.000000000000000000e+00,1.800000000000000000e+01,6.000000000000000000e+00,1.500000000000000000e+01,2.600000000000000000e+01,1.000000000000000000e+00,2.100000000000000000e+01,5.200000000000000000e+01,4.800000000000000000e+01,1.170000000000000000e+02,2.300000000000000000e+01,1.000000000000000000e+00,4.700000000000000000e+01,0.000000000000000000e+00,6.400000000000000000e+01,5.000000000000000000e+00,7.300000000000000000e+01,3.000000000000000000e+00,0.000000000000000000e+00,3.000000000000000000e+00,2.700000000000000000e+01,1.300000000000000000e+01,6.100000000000000000e+01,4.600000000000000000e+01,2.230000000000000000e+02,0.000000000000000000e+00,6.000000000000000000e+00,7.600000000000000000e+01,1.400000000000000000e+02,5.700000000000000000e+01,2.500000000000000000e+01,0.000000000000000000e+00,2.000000000000000000e+00,7.000000000000000000e+00,4.000000000000000000e+01,8.200000000000000000e+01
7.010000000000000000e+02,6.000000000000000000e+00,1.300000000000000000e+01,8.700000000000000000e+01,2.640000000000000000e+02,1.060500000000000000e+04,1.272000000000000000e+03,0.000000000000000000e+00,1.800000000000000000e+02,2.571000000000000000e+03,6.200000000000000000e+01,5.690000000000000000e+02,1.800000000000000000e+01,1.379600000000000000e+04,2.210000000000000000e+02,9.000000000000000000e+00,2.100000000000000000e+01,4.000000000000000000e+00,5.000000000000000000e+00,2.360000000000000000e+02,4.800000000000000000e+01,4.200000000000000000e+01,1.040000000000000000e+02,2.830000000000000000e+02,3.000000000000000000e+00,1.900000000000000000e+01,2.600000000000000000e+01,3.570000000000000000e+02,2.036000000000000000e+03,3.290000000000000000e+02,0.000000000000000000e+00,1.458000000000000000e+03,1.900000000000000000e+01,7.750000000000000000e+02,2.800000000000000000e+01,3.430000000000000000e+02,4.700000000000000000e+01,4.000000000000000000e+02,5.500000000000000000e+01,3.230000000000000000e+02,9.790000000000000000e+02,0.000000000000000000e+00,4.200000000000000000e+01,2.000000000000000000e+00,2.700000000000000000e+01,7.000000000000000000e+00,1.000000000000000000e+01,6.000000000000000000e+00,1.000000000000000000e+00,1.300000000000000000e+01,0.000000000000000000e+00,0.000000000000000000e+00,1.400000000000000000e+01,0.000000000000000000e+00,1.400000000000000000e+01,2.300000000000000000e+01,1.800000000000000000e+01,6.300000000000000000e+01,1.200000000000000000e+01,0.000000000000000000e+00,1.800000000000000000e+01,0.000000000000000000e+00,2.700000000000000000e+01,2.000000000000000000e+00,1.900000000000000000e+01,0.000000000000000000e+00,0.000000000000000000e+00,0.000000000000000000e+00,7.000000000000000000e+00,1.000000000000000000e+00,1.100000000000000000e+01,5.000000000000000000e+00,1.150000000000000000e+02,0.000000000000000000e+00,0.000000000000000000e+00,1.200000000000000000e+01,6.400000000000000000e+01,3.100000000000000000e+01,1.500000000000000000e+01,0.000000000000000000e+00,1.000000000000000000e+00,2.000000000000000000e+00,1.400000000000000000e+01,1.500000000000000000e+01
3.900000000000000000e+01,3.610000000000000000e+02,4.900000000000000000e+01,4.350000000000000000e+02,7.000000000000000000e+00,3.460000000000000000e+02,4.240000000000000000e+02,1.800000000000000000e+02,0.000000000000000000e+00,3.440000000000000000e+02,1.000000000000000000e+01,1.884000000000000000e+03,2.600000000000000000e+01,2.170000000000000000e+02,1.014000000000000000e+03,1.030000000000000000e+02,3.700000000000000000e+01,3.000000000000000000e+00,1.300000000000000000e+01,5.510000000000000000e+02,3.300000000000000000e+01,2.524000000000000000e+03,5.800000000000000000e+01,1.075100000000000000e+04,5.900000000000000000e+01,1.280000000000000000e+02,2.720000000000000000e+02,8.590000000000000000e+02,2.810000000000000000e+02,2.210000000000000000e+02,4.000000000000000000e+00,1.300000000000000000e+01,6.500000000000000000e+01,1.730000000000000000e+02,5.500000000000000000e+01,8.090000000000000000e+02,1.810000000000000000e+02,2.110000000000000000e+02,4.300000000000000000e+01,2.140000000000000000e+03,5.200000000000000000e+01,4.000000000000000000e+00,2.180000000000000000e+02,2.300000000000000000e+01,9.800000000000000000e+01,4.700000000000000000e+01,1.570000000000000000e+02,2.800000000000000000e+01,4.000000000000000000e+00,4.300000000000000000e+01,1.400000000000000000e+01,1.500000000000000000e+01,1.700000000000000000e+02,1.000000000000000000e+00,1.020000000000000000e+02,1.850000000000000000e+02,9.300000000000000000e+01,1.453000000000000000e+03,1.370000000000000000e+02,2.000000000000000000e+00,3.210000000000000000e+02,0.000000000000000000e+00,1.560000000000000000e+02,4.400000000000000000e+01,8.100000000000000000e+01,9.000000000000000000e+00,2.000000000000000000e+00,5.000000000000000000e+00,1.750000000000000000e+02,2.500000000000000000e+01,9.400000000000000000e+01,4.600000000000000000e+01,1.211000000000000000e+03,1.000000000000000000e+00,3.000000000000000000e+00,5.800000000000000000e+01,6.450000000000000000e+02,1.650000000000000000e+02,7.400000000000000000e+01,0.000000000000000000e+00,4.000000000000000000e+00,1.800000000000000000e+01,8.200000000000000000e+01,4.500000000000000000e+01
1.090000000000000000e+02,2.000000000000000000e+00,7.000000000000000000e+00,4.208000000000000000e+03,4.000000000000000000e+00,1.153300000000000000e+04,1.021900000000000000e+04,2.571000000000000000e+03,3.440000000000000000e+02,0.000000000000000000e+00,1.100000000000000000e+01,9.944000000000000000e+03,3.000000000000000000e+00,1.598000000000000000e+03,7.300000000000000000e+01,5.000000000000000000e+00,3.000000000000000000e+00,0.000000000000000000e+00,0.000000000000000000e+00,1.724300000000000000e+04,1.100000000000000000e+01,1.700000000000000000e+01,1.700000000000000000e+01,5.560000000000000000e+02,0.000000000000000000e+00,5.000000000000000000e+00,1.000000000000000000e+01,6.755000000000000000e+03,2.560000000000000000e+02,4.200000000000000000e+01,0.000000000000000000e+00,2.400000000000000000e+01,2.600000000000000000e+01,1.470000000000000000e+02,3.900000000000000000e+01,3.860000000000000000e+02,4.200000000000000000e+01,2.550000000000000000e+02,2.900000000000000000e+01,8.900000000000000000e+01,1.090000000000000000e+02,2.000000000000000000e+00,3.200000000000000000e+01,2.000000000000000000e+00,1.600000000000000000e+01,9.000000000000000000e+00,1.700000000000000000e+01,7.000000000000000000e+00,0.000000000000000000e+00,1.500000000000000000e+01,1.000000000000000000e+00,2.000000000000000000e+00,3.400000000000000000e+01,0.000000000000000000e+00,3.500000000000000000e+01,4.300000000000000000e+01,3.200000000000000000e+01,1.550000000000000000e+02,1.500000000000000000e+01,0.000000000000000000e+00,6.700000000000000000e+01,0.000000000000000000e+00,3.800000000000000000e+01,1.000000000000000000e+01,3.000000000000000000e+00,0.000000000000000000e+00,0.000000000000000000e+00,1.000000000000000000e+00,4.000000000000000000e+01,0.000000000000000000e+00,4.000000000000000000e+00,4.000000000000000000e+00,1.920000000000000000e+02,0.000000000000000000e+00,0.000000000000000000e+00,2.000000000000000000e+00,9.200000000000000000e+01,3.900000000000000000e+01,9.000000000000000000e+00,0.000000000000000000e+00,1.000000000000000000e+00,5.000000000000000000e+00,1.800000000000000000e+01,1.400000000000000000e+01
4.000000000000000000e+00,4.700000000000000000e+01,2.900000000000000000e+01,2.000000000000000000e+00,0.000000000000000000e+00,5.500000000000000000e+01,1.100000000000000000e+01,6.200000000000000000e+01,1.000000000000000000e+01,1.100000000000000000e+01,0.000000000000000000e+00,2.100000000000000000e+01,6.352000000000000000e+03,7.600000000000000000e+01,3.000000000000000000e+00,6.000000000000000000e+00,2.410000000000000000e+02,5.178000000000000000e+03,3.082000000000000000e+03,3.000000000000000000e+00,4.000000000000000000e+00,1.300000000000000000e+01,4.700000000000000000e+01,8.000000000000000000e+00,1.483000000000000000e+03,3.763000000000000000e+03,5.520000000000000000e+02,1.400000000000000000e+01,8.900000000000000000e+01,2.200000000000000000e+01,3.180000000000000000e+02,8.000000000000000000e+00,0.000000000000000000e+00,3.554000000000000000e+03,1.100000000000000000e+01,1.670000000000000000e+02,1.422000000000000000e+03,2.405000000000000000e+03,2.660000000000000000e+02,1.100000000000000000e+01,3.100000000000000000e+01,4.100000000000000000e+02,4.000000000000000000e+00,1.600000000000000000e+02,2.400000000000000000e+01,5.000000000000000000e+00,0.000000000000000000e+00,1.000000000000000000e+00,1.600000000000000000e+01,0.000000000000000000e+00,1.600000000000000000e+01,5.000000000000000000e+00,0.000000000000000000e+00,0.000000000000000000e+00,0.000000000000000000e+00,0.000000000000000000e+00,0.000000000000000000e+00,2.000000000000000000e+00,0.000000000000000000e+00,1.780000000000000000e+02,1.000000000000000000e+00,1.830000000000000000e+02,1.000000000000000000e+00,1.000000000000000000e+00,0.000000000000000000e+00,2.000000000000000000e+00,8.000000000000000000e+01,2.500000000000000000e+01,0.000000000000000000e+00,1.000000000000000000e+00,1.000000000000000000e+00,0.000000000000000000e+00,1.000000000000000000e+00,2.070000000000000000e+02,2.020000000000000000e+02,1.220000000000000000e+02,0.000000000000000000e+00,0.000000000000000000e+00,2.000000000000000000e+00,6.600000000000000000e+01,0.000000000000000000e+00,0.000000000000000000e+00,3.700000000000000000e+01,4.000000000000000000e+00
2.700000000000000000e+01,4.000000000000000000e+00,2.000000000000000000e+00,1.440000000000000000e+03,1.600000000000000000e+01,3.628000000000000000e+03,1.570000000000000000e+02,5.690000000000000000e+02,1.884000000000000000e+03,9.944000000000000000e+03,2.100000000000000000e+01,0.000000000000000000e+00,6.000000000000000000e+00,3.430000000000000000e+02,1.324000000000000000e+03,0.000000000000000000e+00,0.000000000000000000e+00,0.000000000000000000e+00,3.000000000000000000e+00,1.309600000000000000e+04,3.000000000000000000e+00,1.800000000000000000e+01,2.000000000000000000e+00,1.846000000000000000e+03,2.000000000000000000e+00,2.000000000000000000e+00,5.000000000000000000e+00,6.990000000000000000e+02,2.360000000000000000e+02,1.100000000000000000e+01,0.000000000000000000e+00,3.400000000000000000e+01,4.000000000000000000e+00,1.670000000000000000e+02,1.750000000000000000e+02,2.630000000000000000e+02,2.600000000000000000e+01,2.190000000000000000e+02,1.700000000000000000e+01,9.110000000000000000e+02,1.270000000000000000e+02,2.000000000000000000e+00,1.300000000000000000e+01,2.000000000000000000e+00,1.500000000000000000e+01,7.000000000000000000e+00,3.300000000000000000e+01,8.000000000000000000e+00,0.000000000000000000e+00,1.000000000000000000e+01,0.000000000000000000e+00,1.000000000000000000e+00,2.800000000000000000e+01,0.000000000000000000e+00,3.500000000000000000e+01,2.400000000000000000e+01,2.800000000000000000e+01,1.900000000000000000e+02,2.300000000000000000e+01,0.000000000000000000e+00,6.300000000000000000e+01,0.000000000000000000e+00,3.700000000000000000e+01,1.500000000000000000e+01,2.000000000000000000e+00,1.000000000000000000e+00,0.000000000000000000e+00,0.000000000000000000e+00,4.200000000000000000e+01,0.000000000000000000e+00,4.000000000000000000e+00,2.000000000000000000e+00,1.860000000000000000e+02,0.000000000000000000e+00,0.000000000000000000e+00,3.000000000000000000e+00,1.070000000000000000e+02,3.800000000000000000e+01,1.200000000000000000e+01,0.000000000000000000e+00,4.000000000000000000e+00,1.000000000000000000e+00,1.400000000000000000e+01,3.000000000000000000e+00
1.000000000000000000e+00,1.070000000000000000e+02,2.000000000000000000e+01,1.000000000000000000e+00,0.000000000000000000e+00,1.700000000000000000e+01,3.000000000000000000e+00,1.800000000000000000e+01,2.600000000000000000e+01,3.000000000000000000e+00,6.352000000000000000e+03,6.000000000000000000e+00,0.000000000000000000e+00,1.700000000000000000e+01,1.000000000000000000e+00,0.000000000000000000e+00,1.800000000000000000e+01,1.720000000000000000e+02,7.200000000000000000e+01,4.000000000000000000e+00,3.000000000000000000e+00,3.200000000000000000e+01,1.900000000000000000e+01,8.000000000000000000e+00,3.882000000000000000e+03,1.125000000000000000e+03,1.931000000000000000e+03,3.000000000000000000e+00,2.400000000000000000e+01,7.000000000000000000e+00,3.010000000000000000e+03,2.000000000000000000e+00,0.000000000000000000e+00,1.018000000000000000e+03,1.000000000000000000e+01,3.470000000000000000e+02,2.309000000000000000e+03,1.583000000000000000e+03,2.430000000000000000e+02,8.000000000000000000e+00,3.320000000000000000e+02,1.071000000000000000e+03,1.100000000000000000e+01,1.750000000000000000e+02,3.200000000000000000e+01,8.000000000000000000e+00,0.000000000000000000e+00,1.000000000000000000e+00,1.400000000000000000e+01,1.000000000000000000e+00,1.500000000000000000e+01,2.000000000000000000e+00,0.000000000000000000e+00,0.000000000000000000e+00,0.000000000000000000e+00,0.000000000000000000e+00,1.000000000000000000e+00,0.000000000000000000e+00,0.000000000000000000e+00,1.600000000000000000e+02,0.000000000000000000e+00,1.890000000000000000e+02,0.000000000000000000e+00,0.000000000000000000e+00,0.000000000000000000e+00,1.000000000000000000e+00,9.200000000000000000e+01,3.300000000000000000e+01,0.000000000000000000e+00,1.000000000000000000e+00,1.000000000000000000e+00,1.000000000000000000e+00,2.000000000000000000e+00,2.170000000000000000e+02,2.460000000000000000e+02,1.480000000000000000e+02,0.000000000000000000e+00,1.000000000000000000e+00,0.000000000000000000e+00,5.300000000000000000e+01,0.000000000000000000e+00,0.000000000000000000e+00,3.500000000000000000e+01,8.000000000000000000e+00
5.764000000000000000e+03,1.200000000000000000e+01,2.700000000000000000e+01,9.800000000000000000e+01,3.500000000000000000e+01,2.567000000000000000e+03,7.108000000000000000e+03,1.379600000000000000e+04,2.170000000000000000e+02,1.598000000000000000e+03,7.600000000000000000e+01,3.430000000000000000e+02,1.700000000000000000e+01,0.000000000000000000e+00,6.600000000000000000e+01,1.500000000000000000e+01,5.700000000000000000e+01,1.100000000000000000e+01,1.300000000000000000e+01,2.160000000000000000e+02,1.230000000000000000e+02,5.000000000000000000e+01,2.420000000000000000e+02,3.560000000000000000e+02,4.000000000000000000e+00,3.500000000000000000e+01,6.700000000000000000e+01,5.210000000000000000e+02,7.443000000000000000e+03,8.200000000000000000e+02,1.000000000000000000e+00,1.269000000000000000e+03,1.090000000000000000e+02,1.013000000000000000e+03,3.700000000000000000e+01,4.500000000000000000e+02,1.020000000000000000e+02,8.510000000000000000e+02,8.100000000000000000e+01,1.000000000000000000e+02,2.160000000000000000e+02,2.000000000000000000e+00,6.900000000000000000e+01,1.100000000000000000e+01,2.800000000000000000e+01,1.600000000000000000e+01,3.000000000000000000e+00,3.000000000000000000e+00,2.000000000000000000e+00,2.200000000000000000e+01,3.000000000000000000e+00,4.000000000000000000e+00,8.000000000000000000e+00,0.000000000000000000e+00,9.000000000000000000e+00,2.100000000000000000e+01,1.700000000000000000e+01,5.700000000000000000e+01,6.000000000000000000e+00,0.000000000000000000e+00,1.400000000000000000e+01,0.000000000000000000e+00,3.100000000000000000e+01,1.000000000000000000e+00,1.800000000000000000e+01,1.000000000000000000e+00,0.000000000000000000e+00,2.000000000000000000e+00,8.000000000000000000e+00,4.000000000000000000e+00,1.100000000000000000e+01,1.100000000000000000e+01,1.160000000000000000e+02,1.000000000000000000e+00,0.000000000000000000e+00,1.800000000000000000e+01,7.000000000000000000e+01,4.000000000000000000e+01,2.300000000000000000e+01,0.000000000000000000e+00,2.000000000000000000e+00,4.000000000000000000e+00,2.500000000000000000e+01,3.700000000000000000e+01
0.000000000000000000e+00,5.000000000000000000e+00,0.000000000000000000e+00,4.400000000000000000e+01,1.477000000000000000e+03,9.370000000000000000e+02,1.800000000000000000e+01,2.210000000000000000e+02,1.014000000000000000e+03,7.300000000000000000e+01,3.000000000000000000e+00,1.324000000000000000e+03,1.000000000000000000e+00,6.600000000000000000e+01,0.000000000000000000e+00,2.000000000000000000e+00,0.000000000000000000e+00,0.000000000000000000e+00,1.000000000000000000e+00,8.900000000000000000e+01,0.000000000000000000e+00,2.100000000000000000e+01,1.000000000000000000e+00,1.800000000000000000e+02,1.000000000000000000e+00,1.000000000000000000e+00,6.000000000000000000e+00,5.900000000000000000e+01,1.670000000000000000e+02,6.000000000000000000e+00,0.000000000000000000e+00,1.640000000000000000e+02,2.000000000000000000e+00,4.300000000000000000e+01,3.000000000000000000e+00,2.400000000000000000e+01,4.000000000000000000e+00,3.700000000000000000e+01,4.000000000000000000e+00,8.557000000000000000e+03,3.570000000000000000e+02,0.000000000000000000e+00,1.000000000000000000e+00,0.000000000000000000e+00,2.000000000000000000e+00,2.000000000000000000e+00,4.000000000000000000e+00,0.000000000000000000e+00,0.000000000000000000e+00,1.000000000000000000e+00,2.000000000000000000e+00,1.000000000000000000e+00,8.000000000000000000e+00,0.000000000000000000e+00,6.000000000000000000e+00,7.000000000000000000e+00,4.000000000000000000e+00,4.900000000000000000e+01,2.000000000000000000e+00,0.000000000000000000e+00,1.500000000000000000e+01,0.000000000000000000e+00,3.000000000000000000e+00,5.000000000000000000e+00,0.000000000000000000e+00,0.000000000000000000e+00,0.000000000000000000e+00,0.000000000000000000e+00,3.000000000000000000e+00,0.000000000000000000e+00,0.000000000000000000e+00,3.000000000000000000e+00,3.100000000000000000e+01,0.000000000000000000e+00,0.000000000000000000e+00,0.000000000000000000e+00,1.100000000000000000e+01,5.000000000000000000e+00,1.000000000000000000e+00,0.000000000000000000e+00,1.000000000000000000e+00,1.000000000000000000e+00,0.000000000000000000e+00,1.000000000000000000e+00
6.000000000000000000e+00,1.360000000000000000e+02,6.300000000000000000e+01,0.000000000000000000e+00,0.000000000000000000e+00,3.000000000000000000e+00,4.300000000000000000e+01,9.000000000000000000e+00,1.030000000000000000e+02,5.000000000000000000e+00,6.000000000000000000e+00,0.000000000000000000e+00,0.000000000000000000e+00,1.500000000000000000e+01,2.000000000000000000e+00,0.000000000000000000e+00,5.200000000000000000e+01,2.000000000000000000e+00,1.100000000000000000e+01,2.000000000000000000e+00,6.161000000000000000e+03,3.333000000000000000e+03,1.055600000000000000e+04,1.781000000000000000e+03,2.000000000000000000e+01,4.700000000000000000e+01,5.174000000000000000e+03,2.304000000000000000e+03,2.300000000000000000e+01,9.300000000000000000e+01,0.000000000000000000e+00,0.000000000000000000e+00,5.000000000000000000e+00,1.530000000000000000e+02,1.300000000000000000e+02,9.450000000000000000e+02,6.440000000000000000e+02,3.870000000000000000e+02,1.870000000000000000e+02,4.500000000000000000e+01,1.400000000000000000e+01,2.000000000000000000e+00,2.100000000000000000e+02,1.150000000000000000e+02,9.700000000000000000e+01,1.180000000000000000e+02,1.200000000000000000e+01,3.000000000000000000e+00,2.000000000000000000e+00,6.000000000000000000e+00,1.400000000000000000e+01,5.200000000000000000e+01,0.000000000000000000e+00,0.000000000000000000e+00,2.000000000000000000e+00,1.600000000000000000e+01,2.000000000000000000e+00,1.300000000000000000e+01,0.000000000000000000e+00,0.000000000000000000e+00,0.000000000000000000e+00,0.000000000000000000e+00,7.000000000000000000e+00,1.000000000000000000e+00,2.890000000000000000e+02,9.000000000000000000e+00,0.000000000000000000e+00,6.000000000000000000e+00,0.000000000000000000e+00,2.800000000000000000e+01,2.320000000000000000e+02,2.840000000000000000e+02,5.200000000000000000e+01,0.000000000000000000e+00,6.000000000000000000e+00,2.410000000000000000e+02,5.200000000000000000e+01,1.300000000000000000e+01,3.100000000000000000e+01,0.000000000000000000e+00,1.000000000000000000e+00,4.000000000000000000e+00,4.500000000000000000e+01,1.320000000000000000e+02
4.200000000000000000e+01,2.590000000000000000e+02,1.780000000000000000e+03,2.000000000000000000e+00,0.000000000000000000e+00,1.100000000000000000e+01,7.800000000000000000e+01,2.100000000000000000e+01,3.700000000000000000e+01,3.000000000000000000e+00,2.410000000000000000e+02,0.000000000000000000e+00,1.800000000000000000e+01,5.700000000000000000e+01,0.000000000000000000e+00,5.200000000000000000e+01,0.000000000000000000e+00,1.700000000000000000e+02,4.381000000000000000e+03,0.000000000000000000e+00,3.750000000000000000e+02,9.000000000000000000e+01,5.014000000000000000e+03,4.500000000000000000e+01,6.900000000000000000e+01,3.505000000000000000e+03,2.126000000000000000e+03,1.530000000000000000e+02,8.800000000000000000e+01,4.450000000000000000e+02,1.400000000000000000e+01,1.000000000000000000e+00,8.000000000000000000e+00,9.130000000000000000e+02,1.600000000000000000e+01,2.310000000000000000e+02,1.910000000000000000e+02,5.770000000000000000e+02,7.800000000000000000e+01,9.000000000000000000e+00,2.000000000000000000e+00,0.000000000000000000e+00,2.900000000000000000e+01,6.500000000000000000e+01,2.700000000000000000e+01,7.000000000000000000e+00,1.000000000000000000e+00,0.000000000000000000e+00,1.000000000000000000e+00,0.000000000000000000e+00,5.500000000000000000e+01,5.000000000000000000e+01,0.000000000000000000e+00,0.000000000000000000e+00,0.000000000000000000e+00,3.000000000000000000e+00,0.000000000000000000e+00,3.000000000000000000e+00,0.000000000000000000e+00,2.000000000000000000e+00,0.000000000000000000e+00,3.000000000000000000e+00,1.000000000000000000e+00,0.000000000000000000e+00,1.200000000000000000e+01,1.900000000000000000e+01,3.000000000000000000e+00,2.100000000000000000e+01,0.000000000000000000e+00,3.000000000000000000e+00,1.400000000000000000e+01,2.200000000000000000e+01,5.000000000000000000e+00,5.000000000000000000e+00,8.100000000000000000e+01,2.410000000000000000e+02,2.000000000000000000e+00,1.000000000000000000e+00,6.000000000000000000e+00,0.000000000000000000e+00,0.000000000000000000e+00,0.000000000000000000e+00,2.900000000000000000e+01,1.200000000000000000e+01
4.000000000000000000e+00,3.200000000000000000e+01,1.500000000000000000e+01,0.000000000000000000e+00,0.000000000000000000e+00,3.000000000000000000e+00,2.000000000000000000e+00,4.000000000000000000e+00,3.000000000000000000e+00,0.000000000000000000e+00,5.178000000000000000e+03,0.000000000000000000e+00,1.720000000000000000e+02,1.100000000000000000e+01,0.000000000000000000e+00,2.000000000000000000e+00,1.700000000000000000e+02,0.000000000000000000e+00,4.267000000000000000e+03,0.000000000000000000e+00,6.000000000000000000e+00,7.000000000000000000e+00,3.500000000000000000e+01,4.000000000000000000e+00,1.840000000000000000e+02,1.724000000000000000e+03,2.160000000000000000e+02,1.000000000000000000e+00,9.000000000000000000e+00,2.000000000000000000e+00,3.100000000000000000e+01,1.000000000000000000e+00,0.000000000000000000e+00,4.280000000000000000e+02,5.000000000000000000e+00,7.500000000000000000e+01,3.050000000000000000e+02,4.600000000000000000e+02,8.000000000000000000e+01,1.000000000000000000e+00,0.000000000000000000e+00,9.000000000000000000e+00,6.000000000000000000e+00,2.200000000000000000e+01,8.000000000000000000e+00,1.000000000000000000e+00,0.000000000000000000e+00,0.000000000000000000e+00,1.000000000000000000e+00,0.000000000000000000e+00,4.000000000000000000e+00,2.000000000000000000e+00,0.000000000000000000e+00,0.000000000000000000e+00,0.000000000000000000e+00,0.000000000000000000e+00,0.000000000000000000e+00,0.000000000000000000e+00,0.000000000000000000e+00,9.000000000000000000e+00,0.000000000000000000e+00,8.000000000000000000e+00,0.000000000000000000e+00,0.000000000000000000e+00,0.000000000000000000e+00,1.000000000000000000e+00,1.200000000000000000e+01,1.000000000000000000e+01,0.000000000000000000e+00,0.000000000000000000e+00,0.000000000000000000e+00,0.000000000000000000e+00,0.000000000000000000e+00,3.100000000000000000e+01,7.800000000000000000e+01,5.400000000000000000e+01,0.000000000000000000e+00,0.000000000000000000e+00,0.000000000000000000e+00,1.200000000000000000e+01,0.000000000000000000e+00,0.000000000000000000e+00,2.000000000000000000e+00,3.000000000000000000e+00
4.000000000000000000e+00,1.730000000000000000e+02,2.130000000000000000e+02,0.000000000000000000e+00,0.000000000000000000e+00,3.000000000000000000e+00,1.700000000000000000e+01,5.000000000000000000e+00,1.300000000000000000e+01,0.000000000000000000e+00,3.082000000000000000e+03,3.000000000000000000e+00,7.200000000000000000e+01,1.300000000000000000e+01,1.000000000000000000e+00,1.100000000000000000e+01,4.381000000000000000e+03,4.267000000000000000e+03,0.000000000000000000e+00,0.000000000000000000e+00,6.400000000000000000e+01,5.600000000000000000e+01,4.120000000000000000e+02,1.500000000000000000e+01,1.850000000000000000e+02,4.472000000000000000e+03,1.165000000000000000e+03,2.300000000000000000e+01,1.400000000000000000e+01,7.600000000000000000e+01,3.100000000000000000e+01,0.000000000000000000e+00,1.000000000000000000e+00,1.179000000000000000e+03,1.700000000000000000e+01,2.520000000000000000e+02,4.220000000000000000e+02,8.090000000000000000e+02,1.350000000000000000e+02,7.000000000000000000e+00,0.000000000000000000e+00,3.000000000000000000e+00,1.400000000000000000e+01,3.000000000000000000e+01,1.900000000000000000e+01,1.100000000000000000e+01,0.000000000000000000e+00,0.000000000000000000e+00,1.000000000000000000e+00,0.000000000000000000e+00,4.600000000000000000e+01,2.300000000000000000e+01,0.000000000000000000e+00,0.000000000000000000e+00,0.000000000000000000e+00,1.000000000000000000e+00,0.000000000000000000e+00,0.000000000000000000e+00,0.000000000000000000e+00,8.000000000000000000e+00,0.000000000000000000e+00,1.100000000000000000e+01,0.000000000000000000e+00,0.000000000000000000e+00,1.000000000000000000e+00,8.000000000000000000e+00,2.000000000000000000e+01,2.800000000000000000e+01,0.000000000000000000e+00,0.000000000000000000e+00,4.000000000000000000e+00,3.000000000000000000e+00,0.000000000000000000e+00,2.800000000000000000e+01,9.100000000000000000e+01,1.570000000000000000e+02,1.000000000000000000e+00,0.000000000000000000e+00,2.000000000000000000e+00,7.000000000000000000e+00,0.000000000000000000e+00,0.000000000000000000e+00,1.400000000000000000e+01,2.000000000000000000e+01
